b1_min,b1_max,b1_mean,b1_variance,b1_skewness,b1_kurtosis,b2_min,b2_max,b2_mean,b2_variance,b2_skewness,b2_kurtosis,b3_min,b3_max,b3_mean,b3_variance,b3_skewness,b3_kurtosis,b4_min,b4_max,b4_mean,b4_variance,b4_skewness,b4_kurtosis,b5_min,b5_max,b5_mean,b5_variance,b5_skewness,b5_kurtosis,b6_min,b6_max,b6_mean,b6_variance,b6_skewness,b6_kurtosis,b7_min,b7_max,b7_mean,b7_variance,b7_skewness,b7_kurtosis,b8_min,b8_max,b8_mean,b8_variance,b8_skewness,b8_kurtosis,segment_id,image_id
241,285,252.3795698924731,21.703995509103326,1.308959053386761,6.878760568661356,208,292,231.36129032258066,91.58084655717212,0.8549984551303114,3.1792156035214134,247,422,313.9569892473118,521.3716679977315,0.7079464186155211,2.239666945452864,223,469,305.1322580645161,991.2408312788639,0.4605891783689842,1.4099346648989926,178,449,256.7559139784946,1352.697085546952,0.5763975122903853,1.383756271283918,264,684,446.0440860215054,1687.9259337708484,0.508971655150882,3.0792944035129253,494,1366,828.2967741935483,8104.7579013160175,1.0558113576473878,3.6860058038042594,309,853,533.0666666666667,3140.025690706853,1.00859455543428,3.463348835970578,1.0,6090_3_0
239,302,253.8967741935484,63.423132747664845,1.8750280244987494,5.969679752420829,202,305,233.30645161290323,231.6078162436196,0.9604574501798324,2.096160432019973,226,450,321.7247311827957,1657.469893630566,-0.13849543797107952,-0.587915177602865,202,518,309.2774193548387,2675.9014271328865,0.3650795813535498,0.5899944987388164,160,514,256.3505376344086,3400.697227913006,1.085432677036117,1.8377572547012004,220,727,474.49032258064517,9018.265245321018,0.03385408772723195,-0.25075894391306086,350,1542,917.2978494623655,44731.84768105375,0.32158794992758505,0.11012788015802943,229,951,584.8505376344086,16665.623492713865,0.21207404238886474,0.15429242202921278,2.0,6090_3_0
240,313,252.7688172043011,47.81840225933771,3.9457553965217698,22.06087599992901,206,319,232.67096774193547,124.14135213028229,3.3730895386127933,18.184504169267488,241,485,317.18279569892474,429.0946444899707,2.3460264313881747,15.218677090259831,223,567,310.1989247311828,1098.8592022871164,2.7971947501353265,14.110454663912225,181,568,263.7118279569892,1743.5982453094437,2.6722082737159556,11.6526170413792,273,579,450.5258064516129,1138.9772665717558,-1.0207141222543559,4.569321279471034,512,1003,830.4795698924731,5057.474824357328,-0.6923590829430762,1.7748872017691593,316,635,533.0225806451613,1803.0274766484947,-0.9763730123047493,3.071402330461048,3.0,6090_3_0
243,277,254.9258064516129,14.598364526546062,0.5010318705885067,2.4507382097945483,208,277,237.94408602150537,55.89783904533723,0.24927137861442522,2.1582455350809537,249,401,324.0505376344086,203.70357882796856,-0.1300341042989555,4.405556420110493,221,448,326.5430107526882,627.7747896338993,-0.12429956423907976,2.117088062755414,178,458,290.97849462365593,1306.7185897658483,0.029412099878695815,0.5348991699287318,292,565,454.44193548387096,866.3825236987395,0.5658735620351292,3.7648428675996,540,1217,817.5032258064516,7322.814306052293,1.3831050003970122,2.642741198972387,350,766,528.2817204301075,2469.0012801370417,1.3641177552065233,2.8519594671893307,4.0,6090_3_0
236,264,253.81397849462365,13.970740882206558,-0.9208951096506394,1.9449897200401098,202,260,235.99247311827958,69.07529312360381,-0.9037424540644102,1.377913044174508,230,375,319.9569892473118,430.8162320450941,-1.479040538227652,3.8440018355603325,207,383,320.5462365591398,935.9725638621712,-1.211900029098466,1.8078113410255172,163,376,285.8817204301075,1746.0527333124992,-0.5346043083413161,-0.023948423136318286,236,575,454.8741935483871,2044.966932879614,-1.355501401139826,5.554153089614955,381,1138,831.8709677419355,9795.38053404632,-0.3098666931841268,3.0526584883447763,244,727,538.7462365591398,3662.717020266907,-0.6588939897315697,4.44703119335178,5.0,6090_3_0
241,267,257.53655913978497,12.694571570772137,-0.6572988016067185,0.9231544582993845,211,262,243.56989247311827,53.661955854948665,-1.098430333041575,1.6739814846967942,257,364,329.23548387096776,214.66892253203235,-1.4887377848736716,3.7598452665326976,239,398,340.705376344086,592.8474414620879,-1.3674388984245673,2.5300531187901987,183,389,317.4043010752688,1046.0042871858975,-1.2071039208979994,1.6967023351692987,310,523,449.44408602150537,562.0921339861338,-1.083230871998337,5.000950759482826,537,1122,785.5032258064516,3852.3901941039617,1.3846844577485287,4.331596655557482,353,713,510.4978494623656,1390.1835260483583,1.1064990995493311,4.065351715391333,6.0,6090_3_0
238,265,254.09569892473118,22.78415801474588,-0.7549149329655872,0.5716479907596113,203,261,236.05698924731183,101.33474657684874,-0.8417699394479685,0.5123892990320438,229,360,315.03655913978497,424.63805919187007,-1.6728677209681861,3.3766153395574348,207,384,315.2881720430108,1124.37542507263,-1.0590504046928142,0.9291892618981756,165,373,282.5451612903226,1963.2600680579185,-0.6746833042286898,-0.24668157251369616,215,563,442.7204301075269,1244.4513582647544,-2.120900913276199,10.754080849159882,396,1230,817.4956989247312,12591.684050372118,0.7085316302692978,2.3075428396694386,242,769,527.9870967741936,4315.345366158548,0.3900143857005499,3.090372776588297,7.0,6090_3_0
245,290,258.10967741935485,21.001951456647802,1.5675685074535763,8.60365352467408,217,293,244.1021505376344,76.46210516568861,0.38850816892704604,3.5263167769893196,270,413,329.2956989247312,269.7176348715812,0.21636299215465757,3.342024892682894,260,500,341.0010752688172,756.5844983043393,0.09488952443895964,3.276856553965872,200,494,316.0483870967742,1316.5972255981112,-0.20360020865011227,2.3385559634187434,320,522,447.2741935483871,623.5964269592694,-0.6184603077107049,1.7629744813923427,571,1023,784.1537634408602,4061.495168813733,0.7519918872625478,1.240029781172983,366,638,509.752688172043,1410.7503964258017,0.46441508304275025,1.0136812637765855,8.0,6090_3_0
246,301,257.61290322580646,29.94256745025869,2.4964599820007773,15.029053210801045,217,313,242.09139784946237,105.84631989536675,1.4189250458406522,7.832201615074796,269,454,326.6978494623656,351.7288435941063,1.3706340562118364,8.47385649176711,249,555,333.2096774193548,980.8935553317824,1.0001806098317734,6.488040839564302,202,528,303.2225806451613,1637.3637522136185,0.403275165380346,2.8968558447017925,336,569,447.1709677419355,706.1526546060627,-0.17363594882886227,1.5459106296828438,578,1025,794.9354838709677,4787.995833188652,0.8140553909269891,0.8205151002880693,365,656,514.174193548387,1601.1773742143823,0.6150435963417465,0.8820321305274166,9.0,6090_3_0
243,282,253.31182795698925,18.173918075859117,2.2041027050470117,10.4914853773562,215,289,233.80645161290323,63.889301711864995,1.6428272199164542,8.048377838205425,266,406,316.88494623655913,288.9845955299374,1.119297585451696,4.349399481541308,240,450,312.55591397849463,590.912370799912,1.0556340891338647,4.645486915970559,191,459,270.23010752688174,1003.3054434760467,1.0336598813363653,4.329107710785025,350,619,449.741935483871,980.6394666481476,0.8639731256839174,3.159778601874539,635,1230,825.2731182795699,6282.123388543584,1.0424565399486623,1.918918435295935,399,779,532.4397849462366,2188.1476081345418,1.0415837976850228,2.4292323410670784,10.0,6090_3_0
241,297,252.752688172043,21.661053045823348,4.181314694112342,29.913643146815787,213,306,233.38924731182794,68.78050858247393,3.1967830983154166,19.335341429176253,254,448,317.2247311827957,291.48334895887587,1.9957543518200587,9.734134092592432,246,512,312.4935483870968,571.0166429389909,2.6770809469318797,16.729288910450745,190,522,268.9021505376344,802.8181869740847,2.843112108984307,19.663814518304843,346,566,450.5247311827957,909.9762445455282,0.4910940895748754,0.7764263074331876,607,1180,824.9806451612903,5032.257967290531,0.8536503414102853,1.88444242994158,400,752,533.5150537634408,1777.5159195342428,0.8627188136013546,2.0633646805830113,11.0,6090_3_0
243,278,253.92688172043012,13.301429447781752,1.0011034481492147,3.7149650062002486,205,258,235.54301075268816,41.757566813662514,-0.0033311205833886385,0.880331919745879,246,369,319.59139784946234,222.5497644594141,-0.37437671596168326,1.1948417123454966,235,454,317.294623655914,397.10793661816956,0.14376583403764526,4.2492622112400795,179,387,275.5752688172043,587.9173640288436,-0.14615018256305615,1.335712409508269,252,538,448.3344086021505,902.1345521256526,-0.4795232644511231,2.270147159304236,454,1035,811.610752688172,4560.522166278922,0.020147097918655796,1.1225100431111095,281,654,526.583870967742,1635.5973714365082,-0.179196996480665,1.8969879795019047,12.0,6090_3_0
239,261,251.0774193548387,8.932643494565784,-0.30698813672305686,0.6551580421210113,204,249,228.94731182795698,31.23618759910645,-0.7003930373652193,1.8672752378394515,238,343,305.55591397849463,167.07598759216177,-1.2584995978174527,4.141748638209643,211,355,298.64086021505375,326.6738937694596,-1.2807745051886816,3.7607416774034768,168,330,255.605376344086,523.8817794599349,-0.7121775090460798,1.6934087822485182,260,586,429.4193548387097,1041.061842425084,-0.06110722469099857,5.205583803363073,460,1199,793.3677419354839,6432.999173582416,1.4118382235176212,5.387098649513245,290,770,514.6354838709677,2378.307243307059,1.2405116592596488,6.000205914218894,13.0,6090_3_0
241,275,252.73440860215055,13.32981585008739,0.02166961566577692,1.4251770391606273,210,265,232.93763440860215,63.35025058740465,-0.36881961111373907,0.1920506210303765,255,371,314.23333333333335,315.3975959813419,-0.43338955640413435,0.9978142524425135,223,401,309.8462365591398,712.7007662303089,-0.6963942234824906,0.24629885380621674,180,375,268.51182795698924,1258.7495908422748,-0.3035919130686116,-0.41428221748139027,291,599,437.90752688172046,1219.2164126069192,0.12598294970915971,2.953415745315736,477,1134,798.2387096774194,6976.287412757388,0.7104283176854551,1.3092135161768388,306,720,515.1032258064516,2432.899989582971,0.5730155987350906,1.816333032763091,14.0,6090_3_0
240,260,252.57311827956988,8.05977175133396,-0.5789371933001245,1.4169968324434246,206,247,231.8989247311828,31.6237878630045,-0.8438086141180045,2.406082797970881,238,341,312.0817204301075,149.81678067525493,-2.032870341927615,7.796496396166477,211,353,305.43225806451613,377.4728011389285,-1.1489441589891827,3.6582254409517763,169,333,263.3301075268817,720.7380591918701,-0.29836629676205495,0.5877294046427957,261,566,439.5978494623656,844.2170029051935,-1.8744265852525952,9.956195812874077,456,1221,796.0333333333333,4591.466056691784,0.07282219735925845,5.9037152661419725,286,770,514.0150537634408,1773.058976584835,-0.3652982915836158,6.811488279313707,15.0,6090_3_0
245,266,255.30752688172043,9.722332951375625,0.05848362074250363,-0.03338914793933734,218,254,239.0225806451613,34.958585367547485,-0.2950395655070383,-0.12474762200292266,271,360,323.1688172043011,125.21474241003739,-0.22160658814663944,1.445007192344768,236,376,327.3494623655914,360.25772306908806,-0.4170474534802141,0.7004909062937883,204,369,294.541935483871,772.7694989409355,-0.31853910481384534,-0.21151546636580676,330,546,443.4204301075269,448.23101380834987,-0.09719719868335121,2.330987123065894,585,956,777.9075268817204,2877.166896998738,0.4240573891607091,0.19320076165015587,368,605,504.3301075268817,1005.0007072004813,0.3034646105530053,0.24782578603808947,16.0,6090_3_0
242,267,253.66129032258064,24.097208236397094,0.06248144341136372,-0.6338580535113536,210,258,234.07204301075268,98.3101971133257,0.015196195560553126,-0.8470816366793343,265,360,317.4569892473118,296.0848003981619,-0.16407385025637528,-0.2820385969679893,232,390,311.21290322580643,920.5036008194729,-0.05020249795838499,-0.7678573957814212,179,363,266.6204301075269,1710.845007349792,0.027527249207236433,-0.9709268539245124,354,526,449.31935483870967,606.0625959234695,-0.026324135797534346,0.5439516680802989,693,1117,824.4333333333333,5520.06067456046,1.1014847267134011,1.2563778276313462,439,709,527.9569892473119,1854.9776959848145,1.0512681105077804,1.23501574819218,17.0,6090_3_0
237,262,248.7279569892473,12.557775154229892,0.6226372021397634,0.7890596402430252,199,249,223.65376344086022,45.61088463719805,0.74875547459142,1.5859127313015708,234,372,300.78494623655916,316.11731888838733,-0.07034757689817626,1.4708324573479583,208,366,278.94408602150537,566.1045128881791,0.5043139808654404,1.170502513998236,162,345,222.91505376344085,737.2511186731022,1.2597189497294714,2.641900132733616,262,555,437.3440860215054,1472.0838455038947,-0.7662020561237118,2.225269822004921,515,1161,858.0720430107527,8510.348948458859,-0.15075584566264968,1.2151657828051263,329,745,546.9602150537635,3146.1351215898703,-0.31476488669271907,1.8040551970479282,18.0,6090_3_0
238,263,249.44838709677418,11.188398902739676,0.392005101854108,0.9527274725564876,206,251,225.01612903225808,40.92223688322512,0.5693534010465023,1.428715998769384,247,391,308.3376344086021,453.11300623864247,0.8463494964497055,1.2164422044702965,224,379,287.65698924731186,509.40751299234927,0.491744025869612,1.4858086305290419,169,294,228.84408602150538,451.55478199474516,0.04401444192210293,-0.16922148215425814,294,634,449.3,2665.990635091496,0.5138982710457524,0.3727923891774325,498,1226,858.9322580645161,14265.008323205668,0.17304246357351247,-0.46573132220465885,338,758,547.7290322580645,5203.373214347721,0.21139526176563428,-0.3708704938627463,19.0,6090_3_0
238,263,247.91182795698924,11.968535944535112,0.6579142062122574,1.4829140506296783,201,266,222.71290322580646,55.953008785027265,1.3648674888351207,5.264582640185278,237,423,301.8311827956989,481.5441288470665,1.315250299529325,4.745350328115719,203,401,280.78709677419357,612.9944511962221,0.8878978874402877,3.093459838751233,156,321,223.1731182795699,530.0184369827656,0.41282213128177775,0.6059338785738548,260,635,433.9150537634409,2355.4061240552332,0.3785373099164646,1.9633362684999947,473,1174,830.4376344086022,10541.706009467922,0.07256446771821579,0.8344576452488437,289,754,528.3655913978495,4079.95661886408,0.011943462862850968,1.1633470472074157,20.0,6090_3_0
238,272,250.82258064516128,26.781190319108298,0.6046610765019226,0.0711741550121503,205,271,229.46236559139786,122.41031517298055,0.7596692507223893,0.2293756578452486,241,432,322.64623655913977,1286.2525423336458,0.724543704695634,-0.4576816476892147,214,424,302.51827956989246,1401.1821197495283,0.6151374047919821,-0.15653084676757034,159,344,237.73978494623657,783.7384585112909,0.22476723981836422,0.16777966431480662,293,654,478.48172043010754,4883.33497227913,0.5197346733553814,-0.6693739863021295,603,1243,914.5075268817204,18229.36323714944,0.3389521729356048,-0.9384344898761148,379,767,581.7301075268817,6970.270459622441,0.3355136884908383,-0.9390844310477622,21.0,6090_3_0
240,274,256.84301075268814,42.91397154993808,0.0301953528950856,-0.677375970782832,210,279,242.19139784946236,224.68668588029678,0.05927379967977185,-0.837306613961045,246,460,358.0978494623656,2093.715926478929,-0.1688694065150886,-0.9266520751015279,227,464,343.4258064516129,2695.6914753984515,-0.09828150506403162,-0.8594178577431983,176,373,268.9150537634409,1774.641861407225,0.03113985550281902,-0.7325110492849389,302,708,539.9731182795699,6819.905627510214,-0.30646255142393314,-0.8122961308016126,523,1302,1014.0645161290323,21041.332754609535,-0.39901564561688635,-0.6276194182536536,338,823,645.2032258064517,8302.431205944651,-0.4066696686766353,-0.5471416231151291,22.0,6090_3_0
237,262,248.1483870967742,15.196472099725684,0.4441908762313208,0.02311222480377051,202,247,220.14193548387098,66.90771207333587,0.7020736645835092,0.38210359604344557,225,353,288.3795698924731,437.1614766716437,0.31310200459129905,0.382452834429428,206,357,264.9989247311828,738.6576952903458,0.7443055648681112,0.33658302333046697,156,333,209.96881720430108,836.2412224961515,1.285461553326852,1.6503099495271156,229,568,429.4548387096774,2457.0404770999,-0.7103465823925175,0.9062335094648302,392,1107,861.8602150537635,12179.018114054887,-0.7551601558812905,0.9073457261829208,250,707,551.2387096774194,4906.853612972673,-0.7837437568574985,0.9818481494272202,23.0,6090_3_0
236,263,248.03548387096774,22.09023577207542,0.5145615998034349,0.1128192317546346,201,259,220.73763440860216,109.06779633552091,1.0359065774064313,0.6196534581512783,230,374,289.88709677419354,593.3618354803986,0.597843231398666,0.29109595773695895,198,382,265.39139784946235,1149.7971272150653,1.0472720551643304,0.6489332227095002,151,342,212.11290322580646,1490.8795965137676,1.3347495981666178,0.8650134886761709,258,557,436.4548387096774,2426.377398520782,-0.6054739178840858,0.3083948485845278,533,1230,876.8096774193548,11697.926063404979,-0.13737426954001775,0.42373856069836524,338,779,560.8129032258065,4674.933740754887,-0.24443070472228864,0.3730601534007367,24.0,6090_3_0
237,274,248.92903225806452,34.61497968679468,1.7021078445081725,3.6658929393204023,200,284,222.3505376344086,189.33662511429796,2.088174885826381,4.698796035144834,234,459,297.5408602150538,1436.5672199266178,1.949704687061739,4.3124934070543155,195,477,272.0483870967742,2218.3518004097364,2.0304898582277366,4.37551924929585,152,412,212.75591397849462,1895.7369133187492,2.0841411276509256,4.26255432215081,243,687,455.86559139784947,4420.7321839878705,0.5643989316905339,1.973478293785445,450,1251,923.7860215053763,15036.077952938182,-0.43327231478308526,1.0223744474233891,276,792,588.3666666666667,6187.392859705777,-0.44388987021375625,1.1310104666768277,25.0,6090_3_0
239,274,254.7688172043011,45.482557264719844,0.22706387833240643,-0.8071233392424113,204,280,238.06451612903226,265.32199034688705,0.20633017396461142,-0.9201326698594023,248,477,341.905376344086,2121.577689040129,0.15286894332045828,-0.9028110914176675,207,479,329.5741935483871,3360.877697142262,0.13257125272931078,-1.0323647650865992,172,407,264.28279569892476,2706.0932451358262,0.16550200393258815,-1.0170041678429362,292,711,516.6043010752688,6341.3846962278785,-0.07751539666284707,-0.7603382054312768,583,1243,973.0924731182796,15701.255163952452,-0.3374170982768216,-0.24241983729770444,370,807,625.252688172043,6918.697113325695,-0.3768132664877244,-0.33978390156337346,26.0,6090_3_0
240,276,253.1440860215054,45.59600912068706,0.5855174778293598,-0.30515817653450616,206,282,233.08279569892474,266.1083151035337,0.6128177406747327,-0.486238920674698,246,446,328.49032258064517,2198.3922636202647,0.4182304130038051,-0.8459699869109394,207,469,310.5548387096774,3251.373200458349,0.4700845504951829,-0.7968212953042499,167,387,243.9978494623656,2505.1323958007806,0.5792360150434169,-0.6080376890923804,295,692,493.3344086021505,7296.298168917902,0.19455153808463424,-0.9155879607412349,562,1250,948.5440860215053,19902.70472817343,-0.055288784296058255,-0.7423471726722166,376,798,606.5333333333333,8379.407391460352,-0.07628288614532602,-0.8225084523100943,27.0,6090_3_0
238,275,253.2688172043011,46.081957092143846,0.38506913845569496,-0.296196378145519,201,282,234.2293906810036,274.08128826464986,0.36872780790066584,-0.4081903964638678,221,464,328.89605734767025,2250.1889437670425,0.38834805597300737,-0.3953290139302177,194,481,314.4241338112306,3492.534010163891,0.32983221008205077,-0.5108471804555696,150,405,252.64396654719235,2860.538160324238,0.21646300794740952,-0.627485332279659,224,699,485.6152927120669,6691.16282805417,0.21368282691454749,0.1320951166940163,446,1237,930.0059737156512,18019.238002549548,-0.12604018650326212,0.24478857339748838,289,795,596.4934289127838,7602.18566251079,-0.16950837153125178,0.3729519371934056,28.0,6090_3_0
241,263,252.1462365591398,18.26492123569106,0.10650087633313018,-0.7981729821469434,204,256,230.68279569892474,95.38366494206976,0.12920968467375782,-0.8939405788819683,239,409,313.60537634408604,680.0066449066518,0.46053224038422047,0.16471614199625684,214,383,300.2752688172043,1142.4472886790052,0.13363291210475417,-0.8740263126040877,158,353,250.31720430107526,1486.869133187495,0.33430793074969506,-0.7662175763728958,288,701,455.6989247311828,3049.041656539,0.9105639006564423,2.2525503222765693,550,1416,874.9268817204301,15697.350945055961,0.9244935855230855,1.309769750148039,340,897,560.9612903225807,5876.954366471057,0.9594316231109826,1.6552761005856667,29.0,6090_3_0
239,265,256.3827956989247,12.54437538340452,-1.2678141704769852,2.4321617376050826,209,255,241.65483870967742,58.0518872183062,-1.794462143615528,3.219405839814267,245,412,368.63440860215053,779.588481081519,-1.7827031127474158,3.069215243978751,216,391,351.8516129032258,768.585061981319,-2.1020128232294364,4.542936793387931,166,334,272.98172043010754,551.791915228538,-1.33970194711052,2.882782077821969,311,726,603.5666666666667,5268.672084678866,-1.3276217396075778,1.3595398903904856,586,1493,1149.4849462365592,24422.846382397536,-0.7492235918017921,-0.016471069757041157,383,916,719.8817204301075,8263.701818350173,-0.8112591272790216,0.18379149727452182,30.0,6090_3_0
238,333,255.4021505376344,120.25360139819672,3.138710983238424,12.329974628889039,206,356,237.69569892473118,385.20224197599464,2.5838807685461473,8.620676634952162,226,548,322.59247311827954,1397.139448128986,2.1662740779002854,7.562071744114059,207,685,325.0516129032258,3487.65933539359,2.139839277893432,6.7644209814037115,163,684,286.8268817204301,5179.686897693207,1.9135750633961857,5.1390907141975255,245,681,452.89462365591396,2349.3021239163395,0.2566843699319865,3.2997895410766382,510,1073,825.6064516129032,6729.748074585923,-0.08485848728294536,0.6566649319201012,309,679,534.6301075268817,2561.8888665115687,-0.39260856800981225,1.6419165515597482,31.0,6090_3_0
242,264,253.45591397849464,13.701498894637542,-0.02492425457875437,-0.06438149257180603,202,260,234.07956989247313,58.56201488477609,-0.2877552065918271,0.6993047819947495,238,395,318.8225806451613,327.7650439251363,-0.5501431757970017,2.325204054774331,217,381,312.76344086021504,657.3325694179197,-0.5362521494957242,0.711430327026239,170,360,270.4602150537634,1100.0398578654351,-0.016386578501076693,0.07221981741378514,277,590,459.46666666666664,1345.79490491568,-0.4621801933406578,2.9110299798087995,505,1197,853.2010752688172,7891.741010683241,0.241303945296773,1.0701332067433436,316,763,548.8978494623656,2815.2500491915225,0.07676929305855099,1.7970984505758336,32.0,6090_3_0
238,265,254.18172043010753,15.922808662337813,-0.7477096248650957,1.152023526828855,206,257,236.2505376344086,77.86934847274789,-0.7280654566766745,0.8534315895074411,234,361,318.35591397849464,418.2036517471671,-1.4633749909070746,2.7934770007393066,216,382,318.741935483871,972.4995312337235,-0.9447918022689521,0.8590531345903942,175,383,284.81612903225806,1693.0156706830098,-0.48243050134545973,-0.30434729955637163,234,547,448.4698924731183,1882.3053358334205,-1.9749724685979404,6.174737534994476,415,1107,820.2161290322581,9585.8294489392,-0.6020909127652893,2.600382461807758,264,701,531.2225806451613,3703.012837251294,-1.033417321763156,3.739380970220105,33.0,6090_3_0
240,265,256.2559139784946,12.507096311214509,-0.5799484531576741,1.0659688619083028,208,257,241.13118279569892,53.65123326041413,-1.1154457235120503,2.0015924864805115,241,359,325.98924731182797,185.52840955125762,-1.8600594757050475,6.676015653262413,216,384,334.71827956989245,550.5922381564175,-1.4410135509893416,3.3442862861816094,173,374,308.0311827956989,1118.3962278782828,-1.1198206981902032,1.5558048843923116,269,534,450.28602150537637,580.1721402363509,-1.489763594217111,10.679937199487137,504,1218,797.9021505376344,5184.658875886894,1.8248042058557508,6.961006901282056,313,768,518.9956989247312,1889.2938458511292,1.6430028481195227,6.956847428427203,34.0,6090_3_0
241,265,255.50752688172042,10.967112283991343,-0.3725788386049621,0.860489437804862,207,255,238.11397849462367,48.25610148500526,-0.521451922407777,0.5019875667653757,245,355,319.18817204301075,158.22827760223154,-1.1251491609507647,3.774500331419147,222,379,322.5989247311828,538.5354132666644,-0.6507577796047461,0.8240852740584268,172,369,292.51290322580644,1122.9217924233483,-0.40425900408545873,-0.13469418753088647,326,512,445.72903225806454,459.86406472446953,-0.9529466750979623,5.0142253590629355,576,1221,802.010752688172,3997.575772306908,1.1885018327508856,3.3128401388008797,370,757,519.9569892473119,1312.936791786752,0.9957940777472271,3.4609039983771464,35.0,6090_3_0
242,298,256.39032258064515,17.22423348032918,1.7524978517148342,14.430393397043666,212,297,239.51720430107528,66.93242705186523,0.3172168119213146,4.248519607075753,255,433,321.5817204301075,274.5557473060407,-0.09168497727141713,5.022142216117013,235,495,327.21720430107524,792.525430281144,-0.032354107329414704,2.3607722636145905,199,485,298.31182795698925,1416.227739389099,-0.2550451678915689,0.5214144740076847,289,529,444.4150537634409,825.7306665740709,-1.153256241078382,4.26429606516109,514,1053,799.047311827957,5074.032204821928,0.5160471992334418,1.6530490535809559,324,679,518.1978494623656,1769.9500491915228,0.14675645899980666,2.195674062821232,36.0,6090_3_0
242,323,255.49139784946237,27.15008738729353,3.7703828726256114,39.204863662738155,210,344,238.01505376344085,95.416350104749,2.158839122508413,19.106101352908276,249,532,321.1311827956989,341.819155757723,2.437983713577461,24.565480606193695,227,626,324.3505376344086,929.4464205933075,1.539262526696881,14.400384799564204,175,645,290.43763440860215,1669.540239823142,0.8896290425579506,6.687040625220149,327,631,444.7537634408602,773.3182043357987,0.9685327803553432,4.936182612021094,612,1118,799.4096774193548,5645.8933400465285,0.9278711825713869,0.8512537338921513,392,692,517.6698924731182,1868.9361216245934,0.809972089711356,0.7318785295467816,37.0,6090_3_0
243,262,253.1021505376344,9.527767167841475,0.024078907057972554,-0.1915560261233149,211,249,234.17849462365592,33.795877171661054,-0.28467773890680803,0.1570150535730641,255,364,316.2956989247312,131.69610634628518,-0.5927946942812511,2.5499605819813143,244,358,317.0075268817204,343.6974675046587,-0.4442422848887647,0.4520429338715255,190,339,278.01397849462364,759.0213329166522,0.12954407931335038,-0.3473244047994588,319,518,440.1279569892473,638.9491637441114,-0.3551385320851479,2.221824106389077,538,992,791.7064516129033,3766.717827007882,0.10859840126199492,0.7964977757288376,340,627,518.3903225806451,1271.857172124032,-0.16336186624493665,1.8435726663249499,38.0,6090_3_0
240,263,252.6021505376344,10.226906026829637,-0.36769726169073075,0.5614997147765886,209,260,233.4967741935484,52.50860099309004,-0.204826846816539,0.885782696369509,247,397,315.7440860215054,374.33702096137597,0.28372716993369546,2.135320656963941,227,403,314.0709677419355,585.2715997083233,-0.44941276728047175,1.4140482886585426,175,342,269.5989247311828,746.6021516950821,-0.5289526686913208,0.4813953168937797,275,609,440.65913978494626,1701.2647441462088,0.29276555108162383,2.4708830230623535,463,1152,801.9344086021505,7782.950483234372,0.7082167933961123,1.7835993258536282,307,728,523.416129032258,2862.0236362373694,0.36815233056717983,2.1496307569479223,39.0,6090_3_0
239,299,254.23870967741937,34.22713288655856,1.5379993679815438,8.360297768850574,204,312,236.5,160.2438105489774,0.91441206757243,2.8112030028647474,235,451,326.31397849462365,1161.5568549833906,0.9405921828087094,1.6699497187091419,205,495,322.53655913978497,1750.4965091380486,0.5411170002270561,1.529462901751728,161,482,273.2967741935484,1606.6093544914754,0.18547561264440865,2.2107308353460065,235,681,467.69354838709677,4426.301034758152,0.7479205767660172,1.300366136000041,424,1244,862.3655913978495,18457.252636086898,0.7189249888783057,0.3813366687325117,273,796,558.1182795698925,7120.3476741090535,0.6704383610073525,0.5392823328030283,40.0,6090_3_0
239,270,253.20430107526883,17.91300623864254,0.47198196706792955,1.3516208793011018,203,279,234.96881720430108,98.26705672650671,0.5978542712913085,1.8066870066855163,235,441,325.5247311827957,788.2109054712547,0.7184036720329579,1.5730313808413365,214,454,321.5817204301075,1234.7839496741783,0.39785351204430347,1.3766714143075394,170,404,270.994623655914,1135.393943076727,0.15128324248942518,1.4046479993534122,287,659,464.01182795698924,2683.990172112458,0.6553491591248041,1.4328072775414569,500,1178,842.8537634408602,9234.75361875991,0.5041269678471718,0.8696266348862158,323,742,547.7193548387097,3687.988968366957,0.4516983594045284,0.9158616784972535,41.0,6090_3_0
239,270,252.96021505376345,17.47419586328229,0.024307465914937078,0.7225178550415547,206,263,232.894623655914,73.51525631677026,-0.07437501302360515,0.27188841388304086,248,394,321.3784946236559,461.9491602717687,-0.3267949520412463,1.2230913085200639,223,414,311.9161290322581,940.6797180457655,-0.2079878172860741,0.34583633449836393,173,423,262.10430107526884,1485.264674699353,0.3091725142372382,0.2296587247629609,289,612,463.9978494623656,2130.6480039816197,-0.09640130466284404,1.476508080366587,526,1154,858.983870967742,12281.421698670092,0.16454489928071192,-0.04983518512906393,340,738,550.7838709677419,4443.932785860621,0.10516457787255336,0.23503734464994297,42.0,6090_3_0
241,262,255.43870967741935,8.257272821972984,-0.8858623302613229,1.8335177886486704,209,256,240.16129032258064,42.52508767665544,-1.0767963128694895,1.9975852847916977,254,376,326.0440860215054,171.29945368473443,-0.7610990248371418,4.923743724775591,233,378,333.98494623655915,457.67469240830115,-1.3181034727250704,2.80269186722162,175,377,305.8225806451613,1095.4442688982256,-0.8764514908778488,1.0180477862332724,326,539,445.6731182795699,751.0275866060164,0.43989270750520837,1.7329054826154655,528,1246,774.1,5231.814531754575,1.3342696966179848,4.02210242772196,355,772,502.294623655914,1771.1316179959954,1.403041595145381,4.925449879419438,43.0,6090_3_0
242,277,255.88924731182794,11.409679734250032,0.08216075694405954,3.487697802176764,208,273,240.58494623655915,45.28933180550251,-1.0416464882962664,2.885826270788966,241,372,322.31075268817204,142.517968216489,-1.8980710774354486,8.900511493489928,219,408,332.3021505376344,475.892460386356,-1.3992071736392746,3.454287812874246,170,379,308.11075268817206,997.917752931236,-1.0562215471557144,1.481341523257239,271,512,429.94408602150537,574.7008530388787,-1.0034366394466454,7.528120883406755,461,1032,741.236559139785,3857.6296630670045,1.0020822017411584,3.015615409452602,286,635,481.2032258064516,1329.4602694538005,0.5939139654611999,3.3746914071277896,44.0,6090_3_0
245,302,254.8774193548387,30.538240911142744,3.079679363215545,16.70269352649248,217,306,236.59032258064516,78.3906489808674,2.2962894145658774,11.553480144200071,281,439,319.2967741935484,226.53400465293936,1.9208942660027137,10.340104321946418,254,522,320.89354838709676,616.2394631758049,1.5889938243776116,8.319991942666675,196,493,284.2741935483871,1055.004392513629,0.8977383922023624,3.2298832328654132,384,530,444.68602150537635,455.436295241733,0.4841604431936695,0.932418106309354,638,1005,791.9795698924731,3500.6142215586183,0.6231034753824249,0.3458968070619095,417,636,509.7043010752688,1164.4668275518827,0.5754991686881205,0.5083341624336963,45.0,6090_3_0
241,263,253.4021505376344,11.218079331458268,-0.2607766516671354,0.03048195365913431,210,253,234.44731182795698,43.2830121416253,-0.544263967207576,0.2629188600134933,253,356,317.8365591397849,167.1293401391252,-0.7370289331428775,1.4656777314783564,224,365,316.5784946236559,392.60578029329724,-0.9140650384011993,1.2013717359731304,181,348,276.0010752688172,793.921419725222,-0.6079371604951421,0.2564134398337852,305,549,445.7064516129032,646.1344039723602,-0.28502668342512727,2.7685198623634255,535,1039,797.9344086021505,4368.933260414135,0.6582213996653417,0.9403950651388353,338,659,514.8634408602151,1580.8198675879953,0.5894397731790693,1.4257934550730997,46.0,6090_3_0
236,269,248.71182795698925,21.014822273921546,0.9246712788729462,2.2479808122903995,201,272,222.7462365591398,96.189571397155,1.4594801055266504,4.2111213022510885,225,458,301.22795698924733,882.1589592231212,1.611619269540786,4.935824044917835,197,433,275.5849462365591,1122.7102144750397,1.4688544068920728,4.263957583883109,150,338,214.36129032258066,786.246077988819,1.0508394534272283,2.0851173880130007,263,693,445.18279569892474,3251.0214475039643,0.7710899478141973,2.573166587737747,551,1237,888.8032258064516,13686.138848571132,0.21711359568941305,-0.15712168035679674,343,798,563.8763440860215,5306.388352604836,0.25735144658241677,0.07662646467125045,47.0,6090_3_0
238,262,247.7741935483871,12.028612104586962,0.6800690492399262,0.7783690353759254,202,251,222.03978494623655,54.53770501290555,0.8926838398254809,1.1328545099626854,248,384,302.1666666666667,490.64280588446354,0.7541488890882251,0.7005881862614656,217,368,277.2451612903226,671.7223931386507,0.7922027736370215,0.7894537131294648,162,286,214.82903225806453,435.978273551165,0.6558748130090516,0.6386695084633689,303,579,447.1172043010753,1845.6859254372257,0.21839432544455775,0.39773527969227374,553,1163,882.8172043010753,7866.343298957138,0.1457269851862495,0.2850142897185144,349,741,559.5419354838709,3101.641404215424,0.07396593459686081,0.4148440424873341,48.0,6090_3_0
240,267,248.4731182795699,16.385175411183262,1.0989179226439063,1.3864084246446842,209,265,223.5494623655914,69.6536326492818,1.6403744688614417,3.012948851115639,260,426,301.3440860215054,705.655427850504,1.6888113577366457,2.753576377015195,228,413,280.6268817204301,874.5807620634976,1.5149657450710583,2.380503853335692,172,339,222.90322580645162,552.5589777422828,1.0257818460289827,1.5088531839889665,320,623,431.0010752688172,2931.589880435663,1.3007723657178627,1.294289785105316,626,1158,821.4602150537635,10437.41553063185,1.0472666620254316,0.636088793643828,396,720,522.6365591397849,3971.6869289442925,0.9933311825709027,0.48475279603780486,49.0,6090_3_0
242,272,252.01075268817203,29.855643135757035,1.0749397439763437,0.7915136660422495,212,276,231.05913978494624,136.3850886026135,1.2228575428039619,1.1243924342867277,250,447,324.194623655914,1267.5821023878145,1.115766168868382,0.5455204786056345,239,448,307.294623655914,1555.396418857136,1.142577905325448,0.9333019825048279,177,367,244.99462365591398,1030.453146521291,1.0595663713846766,1.3442787873423612,345,691,479.53655913978497,4817.241396113291,0.8827860780007593,0.014872573705942305,615,1392,908.4440860215054,18083.388151208954,0.7113281852664697,-0.15522320140197454,401,850,579.3483870967742,6909.465148095421,0.7202713291567754,-0.14214196956826974,50.0,6090_3_0
236,268,248.91827956989246,22.13324999710638,0.8894584284343544,1.6273399550431815,199,267,222.75591397849462,93.64218780744702,0.9184068966627971,1.6098264634344703,223,415,301.1645161290323,1002.8178999270808,0.8339832835754414,1.1339279964397129,197,395,275.48709677419356,1159.2059689572554,0.7784625574265996,0.8032105784788466,154,350,214.34408602150538,783.7889047073395,0.8705110249093153,1.4478694796884568,240,677,453.76559139784945,4948.298061275275,0.2928133318957826,0.7817456021305764,412,1290,907.236559139785,18874.318575876478,-0.1468878658662188,0.737777177545476,263,822,578.2989247311828,7441.490741576675,-0.21208994654416194,0.8617071855889362,51.0,6090_3_0
239,283,252.16021505376344,21.24125721957938,0.8428884986853787,5.118371447677891,204,289,231.1010752688172,101.96824426774077,0.560734551701987,2.333845306303008,234,420,319.43333333333334,839.2361320416218,0.10193207746159291,-0.14256481948150723,214,441,303.66129032258067,1200.72799402757,0.0910876977865579,0.0591829004168547,163,419,245.09569892473118,1060.0973980578028,0.2712284754342583,1.107660951145741,256,649,474.8365591397849,3524.050761021795,-0.39496617653991223,0.17774832726512102,415,1165,908.2075268817205,12716.485411530492,-0.5941634231823594,0.574042409390509,257,749,581.8870967741935,5257.07981179902,-0.7035637486967263,0.8434984117747306,52.0,6090_3_0
238,270,251.65806451612903,24.87326643286225,0.2854005855573955,0.27636899938740545,198,278,230.36774193548388,156.4781832702525,0.6723656058743477,0.37553215918073857,228,457,316.905376344086,1319.0760744007318,0.5916824681341477,0.10257369489484258,204,442,301.0279569892473,1902.3479796752204,0.5086313782136666,-0.2510666957006089,157,376,244.5494623655914,1650.9152042316286,0.41177716777368045,-0.45705520777606656,250,697,473.041935483871,5401.095117886039,0.026832957727033094,-0.17726542600716177,413,1247,905.3086021505376,17404.654931305486,-0.29661430447735326,-0.09498737127534929,253,802,582.0903225806452,7549.460078474948,-0.33218839622709173,-0.01688258123017805,53.0,6090_3_0
237,271,251.61827956989248,38.01667303262844,0.9601762717676074,0.7442261333777664,205,281,228.96559139784947,237.69526256698725,1.2917392953811162,1.236181184252371,228,452,310.71827956989245,1817.55025753209,1.3690711037629175,1.420219512912941,206,465,294.5698924731183,2871.612440246768,1.265778386399156,1.0478107910849692,148,396,238.105376344086,2513.015794529903,1.056001498218899,0.43902150113037663,251,698,459.44301075268817,6115.850892970821,0.8210650996194383,0.7201709946654238,412,1249,886.6849462365591,18897.574477123046,0.18317663023242095,-0.08046963957995024,287,816,568.8591397849463,8156.883258677964,0.2199295536169472,-0.02334305093393274,54.0,6090_3_0
237,268,249.7268817204301,24.263323958007806,0.5556586613407839,0.14347721801231916,203,267,223.73870967741937,122.06190145491165,0.8687291588032637,0.17567608743277718,227,422,302.1548387096774,941.9437063786937,0.8385035222799991,0.40789503944608585,205,414,277.65806451612906,1443.5750963575126,0.8139893570101695,-0.13931495757699697,156,344,217.58602150537635,1325.724023982314,0.8199179719542447,-0.4209450709843856,253,649,460.4172043010753,2959.649219301596,0.06166163373580755,0.7674675513446712,457,1165,919.7602150537634,10323.241687790085,-0.6270480463454446,1.1860793448204339,310,755,586.7881720430107,4337.674133361113,-0.6116945866249351,1.0829765109294263,55.0,6090_3_0
237,276,255.3978494623656,49.885784843340026,0.14244033496206368,-0.7201524010921894,204,277,239.05495818399044,265.2098946453785,0.11651716926688051,-0.9818923134248441,233,445,344.2795698924731,2101.921747183207,0.11028806812830716,-1.0280000231984334,206,449,329.9127837514934,3067.110805279736,0.014879675337567712,-1.0443694461634132,156,379,264.5412186379928,2275.5308946853943,-0.12707166464438602,-1.0002946809434823,277,682,518.4970131421744,6386.6211035082,-0.10463405773304041,-0.7699570835664185,536,1257,977.341696535245,18204.63190764464,-0.3158990749952798,-0.49699430053669813,350,810,627.1170848267623,7453.517375223657,-0.3165576823602871,-0.5834191131700912,56.0,6090_3_0
243,268,253.1236559139785,8.810311700637753,0.05629688605134684,0.6888653320486124,215,252,233.19247311827957,32.42254823662859,-0.2934244725783136,0.05551637674671639,273,362,319.06666666666666,172.9600287047004,-0.5025651586924749,1.2029262545610724,256,361,311.6225806451613,329.5570783707767,-0.6679621617614773,0.3488248855810623,201,333,264.4591397849462,554.0139368265102,-0.31583510712393237,-0.509501305431074,357,556,457.2236559139785,863.7367917867517,0.057431908109300996,0.7143394470994711,676,1087,835.7053763440861,5511.620315520215,0.8352199804579288,0.20473345682261712,437,684,536.7462365591398,1863.7137909881128,0.8429376851302016,0.2912989878839256,57.0,6090_3_0
240,336,256.6741935483871,208.15530747595403,2.9664394053202825,9.722881213326142,208,365,239.2709677419355,599.2548074585923,2.4927954640734775,6.964054238969592,249,540,328.1258064516129,2063.1757595749855,1.8316553295079263,4.181407876534736,211,631,326.06021505376344,4639.598092526361,2.051678181211663,5.088308237371779,174,659,283.3279569892473,7016.610304755952,2.0535632424518133,4.613609503084991,297,731,462.0430107526882,4285.625704596225,1.203999355670378,1.4756971124284401,617,1601,848.3086021505376,16124.710905471253,1.9080873734513162,5.080422698543789,388,950,545.836559139785,5517.940965542784,1.8292999393592557,4.6689936330538915,58.0,6090_3_0
243,345,263.5967741935484,399.2936386680093,2.2717924534452427,4.5083050412571,215,371,250.55376344086022,1011.9847274789634,2.1800169050349743,4.160790942304287,268,567,345.758064516129,3319.23203930692,2.190653957354401,4.1643861924187355,242,710,363.4505376344086,8081.830166556709,2.017809386997998,3.4195547511968067,194,722,332.14086021505375,11116.883258677963,1.8458907592866176,2.888417210903903,393,720,472.71397849462363,3462.1269303332297,1.9558317860752596,3.5460209239696487,683,1178,820.1774193548387,6063.20530226744,1.3634946125933964,2.333734895553909,455,728,531.0516129032258,2012.0382374387998,1.3278239524408786,2.0720483959989817,59.0,6090_3_0
240,287,254.5752688172043,17.10143292012454,2.364467713462879,15.764539189449433,205,281,236.24193548387098,52.230962880655575,0.6459089120966693,5.4590667564062425,250,389,325.8279569892473,234.99297429308888,0.18303640552781672,3.518922846520602,214,448,322.0032258064516,492.22280981978537,0.09214953423362778,4.924084413720725,173,444,278.1677419354839,841.1494426889823,0.2660888736906852,2.9160848587140293,292,591,465.50967741935483,1049.8583561929233,0.2585155834476349,1.2925565766666542,667,1201,846.8129032258065,7263.146873155318,0.7543866963571801,0.6146275115537407,425,745,543.4645161290323,2475.895940831279,0.78007001104652,0.7303508222433321,60.0,6090_3_0
239,279,253.4806451612903,13.653553942845239,-0.02318338330964208,3.6570866283897194,201,263,234.51075268817203,57.60214475039644,-0.6191168766329659,1.7526442518309304,231,363,319.01182795698924,281.13548965820576,-1.4205712348355493,4.81902414010241,206,426,315.1236559139785,674.5648865122631,-0.9020844571119898,2.3633536361419587,163,378,274.7505376344086,1221.8817273747932,-0.24590679352028216,0.0763602762542126,237,564,458.5483870967742,1176.357720754193,-1.730785071739703,8.423760902099067,462,1144,844.3139784946237,6759.858254337535,-0.0909709139564064,1.8047805992737764,286,723,544.6817204301075,2460.4174265310135,-0.3077458367284621,2.9591426053362886,61.0,6090_3_0
242,263,254.18172043010753,9.14778175168119,-0.12820483322870382,0.6943809650056805,210,255,237.05913978494624,35.49380765535841,-0.30424300250326086,0.7731209022831891,259,389,326.81182795698925,223.91396113290972,0.32130336662178294,2.4988713499344692,236,388,325.48709677419356,423.9077988819056,-0.44936592677973963,1.0592001855584012,190,358,284.1236559139785,706.3323784390661,-0.08761807759322819,-0.1067711432801981,320,607,470.98709677419356,896.9255599152749,0.6144473183069938,2.9472196066049943,662,1095,855.8193548387097,4405.5475259557625,0.6220616089701839,0.6378042973857685,413,695,553.9591397849463,1498.5085546951861,0.590268854915885,1.1200783002774992,62.0,6090_3_0
244,264,255.58387096774194,9.061311156637382,-0.30155094844423475,0.686413434638486,206,254,238.99139784946237,47.8513790988113,-0.9433905923888254,1.92821505784483,234,346,320.7043010752688,162.69718277254998,-1.9273673929006,7.333831039525151,220,379,327.5741935483871,562.2942741067397,-1.1198207782589495,2.5274582067023257,182,384,301.21827956989245,1172.2806127527579,-0.7422421732657989,0.8985159641320779,266,513,445.46559139784944,545.9304617058463,-1.9822513820041707,12.932997709158775,491,1114,793.9559139784947,4070.0723277428615,0.5756823566182743,3.1069855601094467,307,707,516.2946236559139,1410.1434586849082,0.15022775439400426,4.872858772192095,63.0,6090_3_0
245,267,257.4268817204301,11.366553236802204,-0.41612404750986565,0.5248680836613544,219,258,242.99462365591398,45.74485803905228,-0.9624194085873451,1.0990012335554722,270,354,325.5462365591398,136.14694491706888,-1.050986803097383,2.3097306427244515,234,390,339.71397849462363,566.2324201071797,-1.1729806655796897,1.7033838854990346,192,390,320.8301075268817,1175.8139472435385,-1.188118512138883,1.3478442313074188,305,498,437.9451612903226,322.0389701031285,-0.3084186460353816,4.338123457905698,619,1030,763.1021505376344,3119.665549729736,1.8356778894857868,4.432649235697388,401,657,500.22795698924733,984.9189161660705,1.7337016363955262,4.4357103044082935,64.0,6090_3_0
245,291,258.3795698924731,16.220680116207742,1.295053359971471,11.086375469974895,219,305,244.3258064516129,53.828073891454565,0.4992590305309904,7.8119373041790485,283,431,327.4,159.85059203444564,0.7674312744892633,9.577606195409553,257,516,343.5279569892473,529.4227913006238,-0.010875018184329,5.963558104328037,216,486,323.5698924731183,976.9924187182426,-0.5586164813626581,2.3470001397330806,390,566,435.3311827956989,273.4079609245692,1.0172695681468489,5.493614789290856,662,976,752.1763440860215,2551.6782341979465,1.4493390609488714,2.6760928803417006,433,629,492.55913978494624,830.2015579244651,1.3444799998913177,2.5524939667378455,65.0,6090_3_0
246,273,256.0376344086022,13.27630010301284,0.053799463213369425,0.27463299344606806,219,272,240.3989247311828,52.09364792759007,-0.1127100404249881,0.21329804511818207,278,395,326.10430107526884,150.534857691818,0.7249067126653528,3.617337030622968,252,422,334.78602150537637,491.78085928909576,-0.3166212277352559,0.5535097665282103,200,417,304.03225806451616,1193.350949685753,-0.44193869085692494,-0.20138595291584327,389,602,446.6247311827957,693.791206870609,1.938017752075142,5.373390962435863,659,1118,790.4247311827957,6665.114350035303,1.741179667387842,3.061964106201513,437,702,516.3870967741935,2241.23212611549,1.754673585515625,3.1518248852332293,66.0,6090_3_0
240,271,253.6268817204301,26.275057004294137,0.2410976935135448,-0.18806856902421032,208,272,234.79569892473117,158.42107943562857,0.343851657488954,-0.47879439314174776,243,433,327.8,1172.8684607104415,0.2933130209200771,-0.4072479415411978,212,449,315.6709677419355,2017.7882843154277,0.35861440532243277,-0.5409749199257354,175,386,256.4204301075269,1920.4958146694908,0.4331204639718357,-0.6187851588722446,278,664,487.5397849462366,3897.8547125478894,-0.13496595755152205,-0.07175718032168854,540,1231,938.6494623655914,13587.203148257464,-0.46894520094003384,0.021150638645815345,351,785,603.6602150537634,5536.248253990299,-0.47566763694464,0.06728203070227634,67.0,6090_3_0
241,277,256.35376344086023,65.37202564903875,0.48130766932905017,-0.8180720883454335,210,287,241.43548387096774,387.04911628876005,0.44993475567867586,-0.9733613378696115,254,459,346.0043010752688,2842.355202148223,0.34599602859666495,-1.1017993276549667,231,488,335.96451612903223,4630.006274523421,0.4026011716278378,-1.087882199150131,172,438,275.0311827956989,3976.5985960160656,0.38891736010329137,-1.0582356635832184,321,701,520.6247311827957,8143.169032489554,0.12897863788310135,-0.9971656043334094,627,1281,991.3494623655914,20827.58603307985,-0.25526287770652833,-0.7505756861774042,392,823,638.8397849462366,8917.045347639387,-0.2859442863249319,-0.7305389298484122,68.0,6090_3_0
240,292,258.01827956989246,50.818825885158056,0.39214400760646123,0.8493521389530341,203,314,246.39032258064515,304.84748428764885,0.11305211138696125,-0.4397310250009263,236,453,353.8365591397849,2128.877456393162,-0.005170035827010418,-0.7951786044247826,201,489,356.91075268817207,3543.889765848351,-0.06876165463540418,-0.8452096748228399,160,502,302.3774193548387,3397.5226327303026,-0.04070277440016136,-0.5256587799187038,250,701,524.0666666666667,6630.656476498027,-0.2073701336737322,-0.45811426596813387,460,1235,952.2956989247311,18201.41408266491,-0.4347470989173624,-0.36569321531711596,300,812,619.2247311827957,7699.952670810329,-0.4574664981953751,-0.29986184935470916,69.0,6090_3_0
240,310,255.98709677419356,68.23018854821348,2.6053497361706976,8.954313055789068,204,321,238.5,216.3493003229279,2.008678170812804,5.730989909356886,243,476,324.5290322580645,828.6089516997117,1.5337997852670642,4.326200482012352,214,597,329.08924731182793,2338.0942868386633,1.7711844865543611,4.756674926184465,178,586,288.73333333333335,3348.9837100825266,1.7310521865625454,4.344056799668783,265,639,450.3,1627.7236813778254,0.17360548048745558,2.7236303827445765,483,1029,798.2903225806451,5523.704642522309,-0.01939805952028729,0.63852330469066,296,649,517.2505376344086,1954.711113811822,-0.1517412458045477,1.1503125114513963,70.0,6090_3_0
242,266,255.2989247311828,14.330354063219788,-0.14110737280206317,-0.19691499879583318,215,259,239.08602150537635,62.3499658552959,-0.42816699695182336,-0.10893890936624073,254,368,321.694623655914,221.91740916929987,-0.6383014609113001,0.7934942182412783,238,388,329.4,699.2391819160388,-0.63405519805341,0.1443748498226931,191,389,300.97849462365593,1479.2697200134264,-0.4422918562922235,-0.3961119608293644,322,553,440.2516129032258,613.0496475572069,0.2268414311485208,1.7998141212367678,596,1120,773.6333333333333,4299.532795120201,1.375751251472285,2.815098529181574,370,682,503.0451612903226,1364.9775061634084,1.1473802667533162,2.5754695174204256,71.0,6090_3_0
244,274,255.3956989247312,11.52032593724319,0.11903285809911089,1.8223371850383012,214,273,239.41827956989246,55.800096068150516,-0.3991094942643065,0.5200847540520832,272,375,320.9010752688172,185.03648969292917,-0.3853540157055288,0.6312168859410847,243,407,329.6505376344086,648.5828038010578,-0.5657072658392424,0.1647553294897075,194,381,304.11182795698926,1324.622572543028,-0.4637966783547238,-0.23730539397527917,354,515,435.47849462365593,418.13785779598834,0.3115645250782408,0.8935362737390227,635,1033,760.241935483871,3387.1566894683842,1.2917404102952408,2.4830740160516225,429,658,493.28494623655916,1069.9499346042107,1.154907949342395,2.202558334712645,72.0,6090_3_0
237,279,255.1021505376344,20.9378855747306,0.32288688123440046,3.152427569687662,202,278,237.71505376344086,88.04035441045406,-0.2041424652366492,2.0698155108018357,228,385,319.6301075268817,361.87594939639104,-1.2409756118567554,4.811728855561287,200,446,324.5,890.0328310010764,-0.7594733721904278,2.490452327943048,164,400,291.6268817204301,1482.0662303089227,-0.4895742764411584,0.7878262494578627,225,506,438.5537634408602,1132.570303367015,-2.8794946972278157,13.090281101309632,397,1046,773.6247311827957,5072.294974362536,-0.7414077987566435,5.4165049419941695,264,669,500.4720430107527,1949.8404446913664,-1.241836064600913,7.127193931500683,73.0,6090_3_0
240,268,253.2752688172043,15.782057247358125,0.58619935169403,0.8454855990274419,210,268,233.86774193548388,73.4388937115872,0.7923040023194978,1.5247686083302874,255,408,323.01290322580644,479.82545227264836,1.1530727317446121,2.261689237291834,241,414,314.8666666666667,784.3051309651955,0.5660259320559607,1.0250277550273568,187,350,263.5849462365591,1024.6628517193885,0.1857805156987441,-0.4674943022393143,337,622,469.81182795698925,1916.7169751264512,0.7986932092054421,0.7156635509071108,675,1127,872.7698924731183,9443.772612474972,0.30408754471039007,-0.5554041728266532,427,723,560.852688172043,3426.5735395904953,0.4203919145021929,-0.46263485436233776,74.0,6090_3_0
237,275,249.63333333333333,23.537100825260136,0.9542527494214508,2.06541412671302,204,272,224.4967741935484,103.17598527726658,1.063943652452388,1.6791695783843092,241,436,307.205376344086,905.4701540562752,0.8852383341826401,0.9495310411442217,208,417,281.93978494623656,1151.0878664768452,0.7717080242724632,0.5392890329329201,165,339,217.4225806451613,883.4477134622731,0.8629873219039064,0.5122811102987637,276,654,460.86236559139786,3202.936902901721,0.2834214019997759,0.3842122962053822,571,1275,916.8086021505376,12854.062358646714,0.09040263838137229,-0.04501973035742779,337,800,582.8344086021506,4970.319159230066,0.058205129072855064,0.0843620878245872,75.0,6090_3_0
238,272,250.9806451612903,31.429119066634257,0.522860168236757,0.2740327719593467,200,270,226.752688172043,144.446844219128,0.7712511886344279,0.3763189836671055,224,413,309.6161290322581,1191.7050140629883,0.45976168271931134,-0.14207494305239,201,422,285.5752688172043,1559.979796752202,0.5995412370118248,-0.12108762644073323,156,340,224.59569892473118,1237.93754875748,0.6651667491143012,-0.3093471776843768,222,645,465.26344086021504,4911.946670601988,-0.22578584538749988,-0.03740771984681013,431,1220,932.4193548387096,18399.617278377722,-0.5436254793804145,0.1590914801441201,260,782,593.5322580645161,7341.900465293934,-0.5627335592459692,0.22547442708155518,76.0,6090_3_0
241,274,253.74516129032259,31.9166880794472,0.4938147925226549,0.051319577520304804,207,281,234.56129032258065,162.79118024931424,0.7200407898883076,0.20925644637812768,240,455,333.18817204301075,1517.2465768487332,0.583233169783282,-0.09108953713161982,202,460,315.1698924731183,1927.0367674803524,0.6188210579159779,0.08755108388462851,166,372,248.94086021505376,1266.0061865574037,0.6114120773608359,0.14334790368235462,252,708,499.31935483870967,5486.275728323901,0.12727514287388494,-0.2998190110199457,549,1283,959.3204301075269,18675.705610148503,-0.12148551485652591,-0.4637848892283678,351,820,609.558064516129,7214.828164172367,-0.1583879492632759,-0.34743882260380543,77.0,6090_3_0
238,271,250.1440860215054,16.345201800988463,0.5418330629274448,2.495596958555253,202,253,225.6,62.2940796555436,0.2448455783964652,0.6082127582130945,226,388,301.69247311827957,454.3208259546049,0.2004153270936869,0.9516983502398024,206,380,285.86451612903227,713.516608215563,-0.03154393986824839,0.14945294073073034,155,323,232.53870967741935,885.0345602277857,0.1812592520797117,-0.3589924344108941,265,614,440.85483870967744,2276.414858154797,0.06989925034406225,1.188312571232788,479,1253,849.1376344086021,11674.260907207426,0.39064852186670707,0.49144918692136574,307,774,545.1258064516129,4400.736577658947,0.2832009696485379,0.652873510890088,78.0,6090_3_0
238,262,248.44623655913978,11.55846267810225,0.5051059841529224,0.6159730142530888,204,249,222.36666666666667,44.44775744528166,0.9229343325252579,1.4116817386597358,242,404,297.3989247311828,535.7039816197322,1.4581046366971713,3.6320715961594283,208,376,274.46559139784944,612.4751333958355,0.908845152288352,1.8021518931346883,162,287,217.36989247311828,476.26776855677855,0.522977017404372,0.004244005471504941,260,637,433.6548387096774,2851.2187332893504,0.8957329006426414,2.053160878221388,497,1225,844.5806451612904,10319.707698183964,0.567127411499867,1.2064360022056801,312,764,539.2677419354839,3796.263005659919,0.47360211722597795,1.1263351981952043,79.0,6090_3_0
241,276,252.8258064516129,19.44217507552346,0.427697566390687,0.9620811103027096,207,265,232.94301075268817,111.44023635079922,0.29384120865678814,-0.33919953682655546,259,399,322.71612903225804,745.5210528143339,0.09515380830653106,-0.5570602773802009,229,417,310.694623655914,1289.0971723555217,0.1621589161174556,-0.5228966518208447,173,385,254.49139784946237,1416.3169334583379,0.3992269607446673,-0.15500951442212108,317,615,473.8774193548387,2970.6243550123268,-0.1317953711635425,-0.575841099464764,589,1156,881.5182795698925,9756.8527333125,-0.12936967391264606,-0.511706383279023,374,730,564.5322580645161,3970.40853849092,-0.155855082841491,-0.48220713061683895,80.0,6090_3_0
237,265,251.18387096774194,18.163141081287545,-0.01166569206087286,0.3497923476212019,202,255,228.36774193548388,86.8032640022223,0.10123671746217856,-0.09729875208542849,227,388,308.4161290322581,729.0462411889301,0.05309227663445612,0.11423159232688906,197,383,297.09032258064514,1264.331983749436,-0.013188852491284455,-0.4006249050752606,154,346,244.9236559139785,1327.323551743695,-0.03485022769417305,-0.7869332443215953,236,611,453.94301075268817,3555.640451636052,-0.374357567880216,0.4477389845829327,428,1114,849.4666666666667,10699.284678866165,-0.45929486164802696,0.48136906661358525,280,715,544.1376344086021,4627.556924430246,-0.5559988004257257,0.5425497268431565,81.0,6090_3_0
240,270,252.7978494623656,24.865442087109503,0.4212461290116219,0.1982334357467992,206,273,233.07311827956988,130.873011794391,0.47186629388678725,0.1673765644543379,249,436,326.705376344086,1200.9163327430351,0.484774615246599,-0.14185356658997028,223,444,311.1258064516129,1613.4168790583005,0.25412186964388994,-0.23398990661604602,168,358,250.80107526881721,1376.2391807585911,0.05860038590222034,-0.6928117169727699,300,658,484.28709677419357,4675.251178860378,0.1792754252313462,-0.49262485496749564,605,1261,916.2129032258065,16954.531587902355,0.09505892068997565,-0.696310509263872,366,802,586.7935483870967,6887.328698913157,0.0570224967809,-0.7185441376501842,82.0,6090_3_0
235,270,251.547311827957,34.644153153465986,0.6149461610011657,0.19027770478974393,199,273,228.39032258064515,172.07245737699228,0.7821332740249407,0.15934161958527637,227,431,315.21290322580643,1535.702739678461,0.763798018778132,0.03887347747008718,198,425,292.405376344086,1992.228388717201,0.7397163336746283,-0.09092502127968283,157,334,227.4752688172043,1394.2453511117285,0.6685406727682376,-0.26764027708578597,247,668,476.01290322580644,5383.076259592348,0.19020131929125775,-0.1946127713417103,463,1226,930.447311827957,18615.369126242807,-0.2367692923769265,-0.22392412512887594,285,774,592.6279569892473,7600.851747167148,-0.2630533393302569,-0.11389114711098447,83.0,6090_3_0
240,281,253.0,32.122009569377994,1.0064984165633166,1.9122915919109094,204,282,231.88769414575867,141.805554126437,0.8585750847757068,1.2282163556188186,238,457,322.3739545997611,1238.6171677156397,0.8232605153534904,0.9112564245830113,206,448,304.7574671445639,1623.925557213333,0.5982634749828766,0.6372972205490823,166,366,244.02867383512546,1239.5900859186088,0.44650713305576056,0.3074022349272263,277,684,475.3381123058542,4364.747983513688,0.44998196745720825,0.3843845497080962,492,1260,906.1290322580645,15940.806297268095,0.23936349406693164,-0.21922991310844298,348,807,579.4492234169653,6474.118531094761,0.25844367234308585,-0.11357869608666427,84.0,6090_3_0
243,305,255.55591397849463,46.69062698936306,3.2959163108704055,17.048228824942317,208,312,237.82043010752687,146.364921235691,2.0930333304518585,8.13988444628732,258,451,324.3258064516129,362.1144032778916,1.8070237798684379,8.709932559689475,243,508,324.0784946236559,1117.8140687755363,1.3931452349637021,5.008718310846161,191,508,286.1172043010753,2189.020694005579,0.9754584483243974,1.881623125493208,314,549,460.52150537634407,574.9753174300034,-0.1714833036097129,3.6682543764582025,526,1106,834.5311827956989,5556.210544347605,0.5849378688140751,0.7471718027382299,314,718,537.8623655913979,1871.1091311040893,0.5531444911005041,1.651236845666464,85.0,6090_3_0
238,333,262.3247311827957,142.3357709179717,2.657051375464894,8.776474850232388,206,373,251.11935483870968,384.47981874370635,2.6200852360739906,9.515042114740142,236,564,340.76559139784945,1331.19364792759,2.613572716111057,9.762008043978971,206,645,363.01182795698924,2963.6457157077216,2.2010278032301023,7.928856579981389,173,668,346.6301075268817,3894.220405801127,1.6329974293301635,5.876113043521741,248,664,448.61075268817206,1619.919367570633,1.4943334024028547,8.554364754154392,402,1230,764.0774193548388,5188.3729018368695,1.7773703068463667,10.004090132194426,271,784,501.16129032258067,1871.3733115733185,1.512717400237738,10.603630307123572,86.0,6090_3_0
248,312,258.3279569892473,62.375643830225584,3.4917284597536584,15.598138802813374,220,337,242.63333333333333,165.58661643344095,3.1149175706757894,12.958045223243147,293,481,332.51075268817203,467.1543514242392,3.0422727258716002,12.727421257089146,262,563,339.4548387096774,1290.7713705336992,2.586278280947046,9.308254816233799,218,557,306.5236559139785,2180.2131104089262,1.8571311786608633,5.548812473937879,390,578,458.56774193548387,992.7106913434494,0.8944853488269463,0.6742956320338309,681,1098,806.2333333333333,5331.976713311806,0.801174887797993,0.34704273226787175,445,670,520.7806451612903,1627.8032848362789,0.7358273955955332,0.17200662673772893,87.0,6090_3_0
242,268,255.95483870967743,10.811736518629118,-0.39175108257224284,1.1743535451583975,208,263,239.11182795698926,50.712992349271396,-0.6971428371431422,1.960172649595183,244,395,329.35806451612905,295.23548387096776,-0.928855959824123,4.657577769978871,211,396,329.2956989247312,572.740239823142,-1.2254343895324753,3.3097459239031055,178,395,291.11397849462367,1034.1269303332292,-0.6556074073626464,1.0118889452223563,253,608,466.2559139784946,1385.9516603585773,-0.45817354233891144,5.270463568789486,428,1160,832.8806451612903,7426.512111531651,0.36980178888769766,2.304352144321764,272,717,535.8602150537635,2439.803905228191,0.08254250968022037,3.604699740817906,88.0,6090_3_0
241,298,257.81827956989247,31.149934604210795,0.7834566296190456,5.437171252883585,204,301,242.8978494623656,117.48255726471984,0.013573527706801276,2.6446054082352415,236,435,333.0268817204301,403.9723659386321,-0.7334730510239703,4.654410548719263,212,511,340.1,1089.7886975242195,-0.4586938505309347,2.7125949563819036,163,500,307.60322580645163,1935.7702802180631,-0.35884954634005256,1.260931930192121,276,569,464.93440860215054,745.9666296283436,-1.0647837036377994,8.147858427539234,514,1271,832.5548387096774,6421.96523490399,1.8109934730649329,6.0881029708402785,342,813,541.3032258064516,2304.846598840237,1.5922388642093177,6.224823746177586,89.0,6090_3_0
242,286,255.31505376344086,17.234326423371183,0.9312645855769216,5.978277358407087,211,287,238.45913978494625,65.13772584696228,0.16044925288897216,2.488647375755866,256,430,325.6741935483871,275.11332685162677,-0.3219310248631186,3.6075278507917146,232,489,326.3494623655914,704.0682720464831,-0.114770932031689,2.853588592226475,184,489,289.2204301075269,1329.933059018253,-0.08539872357237545,1.034456696897939,325,581,463.10752688172045,886.2596849427642,0.06137061017003379,2.492093310697695,649,1173,845.6817204301075,5939.2656504276765,1.0148425905306775,1.3688261442280512,427,747,548.6075268817204,2006.6671122839914,0.969001344362983,1.6547775827101816,90.0,6090_3_0
245,282,256.0301075268817,12.020621086380315,1.117239319377443,7.578069857995722,222,284,240.3279569892473,40.153900019676605,0.4424991780234756,4.571257046034977,287,405,324.60537634408604,124.91730152667337,0.5996015448047731,4.985830517044272,262,441,331.33978494623653,406.246101137771,0.03230634161169724,1.896086279813173,201,428,303.6537634408602,835.7486671990924,-0.2518000534898601,0.7104923432181995,402,508,450.1666666666667,271.45658414065304,0.31047917041505246,0.3020359424517447,689,1068,800.6075268817204,2562.710169334583,0.974251830161506,1.7833239686463083,460,682,521.6247311827957,796.3552542333647,1.0106270349738722,2.2890042921298113,91.0,6090_3_0
243,272,259.4731182795699,13.967522020440525,-0.33505752598936495,1.0165181145202684,213,266,246.46774193548387,52.30950727455814,-0.8875567942012391,2.184047778619915,256,370,333.3322580645161,191.54180006250215,-1.3210079713192693,5.037952957151482,227,393,348.1161290322581,488.68402375082474,-1.526911714732482,4.2859246795814165,190,382,326.59032258064514,846.6834369248932,-1.315312832721841,2.749596154313134,311,512,446.10967741935485,400.2893572693496,-1.7372882733193546,9.935219096792709,546,1004,769.4258064516129,2085.288891975416,0.381328197367241,2.978739096669811,355,640,502.35591397849464,757.4781404446913,0.010542049014697354,4.370382010740016,92.0,6090_3_0
247,269,259.0849462365591,9.7828732479137,-0.19660270602141253,0.3053285216490629,223,262,245.5193548387097,28.953876870724677,-0.7623526158298345,1.149742753770374,290,356,331.4258064516129,96.0208618354804,-0.5434848748000555,0.9595533718293172,276,387,345.1483870967742,283.82079933331016,-0.9698650942890751,1.3825553071054975,231,375,321.5516129032258,544.8719295808883,-0.96085796300754,1.1372560891068213,392,509,440.9236559139785,287.3989015822309,0.3485393869991894,0.20657064967511296,654,960,757.505376344086,2026.3212843038532,0.8078754271543741,0.9513365645014247,432,611,494.6247311827957,685.662035718833,0.6058136418702822,0.5664307579201586,93.0,6090_3_0
245,270,255.1752688172043,11.58711645080269,-0.09092869991989892,0.2995223326246039,217,264,237.8494623655914,48.79109228329687,-0.1670282418793839,-0.24473894062232437,275,371,320.3215053763441,134.77381043323263,-0.2262484400329832,0.6993010256599099,254,421,324.18172043010753,531.0595147979675,-0.19698391589722386,-0.009728386525944988,200,426,291.55698924731183,1149.0478789772792,-0.0926246037721982,-0.4044031996054769,391,513,443.96666666666664,308.381019016864,0.6616816912449826,0.6967893648033914,678,1005,796.3010752688172,4315.274164612197,0.8731979035572623,0.1913489947691338,448,644,516.5591397849462,1357.0325590008913,0.8654662329009087,0.2974103087502633,94.0,6090_3_0
237,261,248.48709677419356,12.885193930344801,0.18025997250542417,0.47275620686587816,200,257,222.73225806451612,52.48259661793813,0.6671352106352911,2.00771301938814,239,384,302.8677419354839,423.4991735824161,0.40741618879792557,1.3831499821976818,202,372,276.4010752688172,506.67104297602924,0.5397217457355596,2.0123233735728814,160,298,214.91612903225806,402.4902670231606,0.5860549767452126,1.6240247994282857,268,586,450.9268817204301,2224.982807273401,-0.16501363254109008,0.9276526825060967,511,1148,904.4064516129032,11935.186610646206,-0.27896284266440274,-0.06712941036134135,321,725,572.9333333333333,4624.895443128813,-0.35494716463988396,0.20479190524402213,95.0,6090_3_0
240,277,257.4924731182796,72.11027697720984,0.3446096159148098,-1.07191898268201,207,296,243.75483870967741,431.91184416125566,0.3579855545865491,-1.1647437886658383,256,468,352.1989247311828,2755.1498373786126,0.30034543138593844,-1.2003981499393124,225,514,342.98387096774195,4895.873797701309,0.35452094714175186,-1.2116223124289436,175,448,280.2021505376344,4548.245420558585,0.41786030268433166,-1.1334471793536767,349,729,534.7602150537634,7212.040396078567,0.21913483210074972,-1.0935046808406168,652,1285,1015.7849462365591,15010.655532020786,-0.012505192080284524,-0.8540509853070608,430,829,653.3838709677419,6578.663033438661,-0.021647500329659418,-0.8772417802436632,96.0,6090_3_0
240,288,257.18494623655914,45.22517680012037,0.667529417202893,1.4519261025993098,208,302,241.6505376344086,205.31692651365208,0.30349662715568404,0.35061047146896174,241,440,337.13440860215053,1280.9259407155341,0.11658524642290474,-0.23450380419893335,215,482,338.02043010752686,2470.538871720082,0.10736894509174548,-0.28972467876196717,174,473,286.9602150537634,2715.805735152841,0.1754743575929973,-0.22627888154203646,286,705,490.30645161290323,4494.763898052016,0.17936499784617782,0.13189870300185147,536,1224,887.2548387096774,13813.570078822182,0.07324576949027836,-0.2467679051466214,333,806,574.410752688172,5826.627656052871,0.05132903854523724,-0.17041254771183612,97.0,6090_3_0
240,302,254.1010752688172,59.66899776612613,2.2950646748317585,7.733944098724438,206,312,234.03010752688172,202.59758556431356,1.527417465965925,3.811130713186576,249,459,320.0483870967742,957.2366227994027,0.8180975200495106,1.377474295535114,225,562,315.66021505376347,2458.9134854219474,1.3075460700513906,2.817346605545951,177,570,265.547311827957,3264.846521291249,1.58946016277447,3.921781619576607,283,602,454.1774193548387,2503.2526650230907,-0.15783015686184337,0.26736694659226146,493,1061,835.2967741935483,8495.842938990936,-0.31392958273847854,-0.05901140932412785,328,681,538.6096774193549,3470.604211951804,-0.32006934812574306,0.06366780264625405,98.0,6090_3_0
239,265,249.4956989247312,14.624846927555355,0.4489364203287291,0.6257701868605556,204,250,224.72150537634408,56.62741646121973,0.3966214756997892,0.22194806869339523,230,372,299.2752688172043,311.00703033670146,0.313123348222622,1.4735255677853782,209,358,282.61075268817206,553.9861059990509,0.11097033369093195,0.2967661031336277,159,333,232.01827956989248,884.5346493512507,0.49232597772372005,0.22494328623736237,303,564,429.11075268817206,1659.8014988946375,0.38248100669532087,0.2799433492303378,576,1130,826.805376344086,12014.725267081034,0.6005355923466725,-0.316738316923205,385,729,530.2064516129033,4099.95948470433,0.5724783145042963,-0.2788833072023733,99.0,6090_3_0
237,267,251.82903225806453,28.451901107677347,-0.12055288031670258,-0.3847026316117015,204,256,229.38064516129032,115.36625577276989,-0.2342321003025263,-0.6952182631942687,233,428,324.4612903225806,1368.4855828327372,0.052165763777576535,-0.7276251864416676,205,384,301.39247311827955,1446.6154438232809,-0.38015584848890116,-0.7304496644602438,160,351,237.49032258064517,1309.1995833188655,0.2333621735671914,-0.21363855839930368,244,707,497.83978494623653,8017.732107596327,0.12713106631376922,-0.8180997234305836,428,1447,973.3075268817204,38512.83751056171,0.055046184122652934,-0.8819276552325608,252,907,618.5290322580645,14820.443182054933,0.02925547818354588,-0.8035226574937222,100.0,6090_3_0
240,262,250.38494623655913,15.263928145653203,0.09237919214121872,-0.3312118465478999,205,253,226.6279569892473,71.03689248469274,0.32889030338785813,-0.5502250633017307,247,378,304.3774193548387,401.7293065731449,0.09523829110126872,-0.008354294089018666,211,365,285.6623655913979,817.3928770674908,0.27541942615437054,-0.629861782704833,166,338,232.98602150537636,1373.0536257045962,0.7859217401970028,-0.2751356133828482,314,650,447.6989247311828,2011.9415488963741,0.6190065758306852,1.426467241605458,588,1338,875.2870967741935,13631.38250286468,0.5571638546210176,0.7203101576936373,390,816,559.1849462365591,4720.295144507332,0.5153963842249732,0.5779237141254385,101.0,6090_3_0
240,276,251.22043010752688,24.389463754528514,0.8225690493804092,1.8982970508519124,203,270,227.89032258064515,117.30765651585125,0.5723342251633008,0.17094887980512974,236,422,308.43978494623656,619.0561119020336,0.8951107620588504,1.9646750481059412,216,421,293.76559139784945,1297.6522055163953,0.46003107240668767,-0.40466409003524006,168,408,240.9774193548387,2017.0296295010246,0.7139376642862498,-0.1633090093287346,317,664,449.16021505376347,1950.9807620634977,1.1852759312986048,3.104859146458554,596,1237,860.447311827957,12038.507985230968,0.602052864414432,0.4174732990202066,361,776,550.3,4329.107965554359,0.6410361015015493,0.5091579742128123,102.0,6090_3_0
235,270,250.33763440860216,27.091477713346528,0.6839007829018048,0.7787177073094407,197,267,225.48494623655915,121.89912728451219,0.841608325337955,0.8670812511311534,225,428,307.36451612903227,1069.8529914233131,0.7662926543039739,1.0975777766912937,192,419,280.4688172043011,1273.8660879428685,0.7792359511538254,0.8651513062876082,152,336,217.59354838709677,892.1252543491094,0.7109359748299516,0.5092831846582606,246,699,462.7913978494624,4729.756223017003,-0.056687784874794596,0.9207611627364432,450,1321,924.6860215053763,19974.32327048393,-0.37517574214445165,0.49466203207997284,271,828,588.1827956989247,7800.209822100304,-0.43864952009801106,0.7602190388211909,103.0,6090_3_0
238,271,252.6,28.367276641550056,0.6110837778755325,0.5228978748462185,207,267,231.19569892473118,130.16833454865332,0.6931215975120057,0.15070283400826945,239,429,325.3720430107527,1121.084255240344,0.49317169887392864,-0.15501070877042356,225,413,304.9978494623656,1370.5554313228467,0.4516244007660797,-0.1668418787375674,154,346,239.24301075268818,983.325166383092,0.28405063650139295,-0.2849041220710449,278,669,490.789247311828,4841.587397710568,0.002418856013940494,-0.3356951616518056,523,1279,942.7354838709678,19365.553206708566,-0.25186513283815803,-0.3187100443309592,337,809,600.8193548387097,7428.387138442306,-0.21156848241923532,-0.30419581908801163,104.0,6090_3_0
241,262,249.66344086021505,10.559372431913143,0.41045949219294375,0.5624258724870024,206,248,223.78602150537634,43.50529416530666,0.4403992254846477,0.32965893067919083,245,373,299.93333333333334,442.5251524937209,0.45692611745067624,0.3202770215711839,220,359,279.1634408602151,606.7784251768002,0.1762402500408525,-0.1950761144725086,166,290,221.00860215053763,441.1387849115131,0.025558824266745942,-0.46462777691928325,275,584,433.5827956989247,2449.5932451358267,0.0848139598657531,-0.09768423522225023,540,1095,824.4709677419355,8607.414118545783,0.12495713745507221,-0.076048298472565,347,700,528.005376344086,3391.0710151972867,0.05875200526233157,-0.022389179110027246,105.0,6090_3_0
239,259,248.1215053763441,8.515898700186348,0.21580521876759207,0.5113059901570245,205,240,221.0204301075269,24.724017037628617,0.16670965777105237,0.6688139076913324,249,340,291.1172043010753,165.22952070095027,0.1010692160515639,0.6560922565715179,210,326,271.6182795698925,283.00698519624524,-0.23397253680219904,0.04579846295825396,165,271,217.80215053763442,359.4850330451289,-0.12810771957101338,-0.6049374870104662,319,535,417.7096774193548,1193.8338136740858,0.0741327416275854,0.08139379035564609,593,1094,797.7225806451613,7387.081190319108,0.47348975553221206,0.06898763582619205,371,680,512.2268817204301,2573.6395349375557,0.3832577570288202,0.032686202328407354,106.0,6090_3_0
239,270,249.10967741935485,11.835105385603667,0.8354391190834816,2.4556857406329016,203,251,223.01612903225808,37.85011632348346,0.7573880818311792,1.8484690735302536,235,341,292.3666666666667,199.81912450663793,0.22069644793889776,0.8810712310822013,214,366,276.4215053763441,452.4701505839323,0.6216285481445243,1.3300483856557754,162,347,226.7731182795699,730.7288783175342,0.9627557095467335,1.7358732301609834,268,511,405.4494623655914,1163.1863560077318,-0.005884241014493032,0.8198177181645323,475,1120,755.6602150537634,6443.587328263713,0.7077567708354601,1.5118828120807963,324,671,488.0483870967742,2472.089152401125,0.4773754337937187,1.3120092753235424,107.0,6090_3_0
240,272,251.65376344086022,21.21260691922173,0.9616616803205078,1.5899732662816488,210,258,227.3279569892473,67.1334479206454,0.838243244452215,0.7377117859931688,256,383,306.2537634408602,404.2024885123326,0.5887354560014103,0.5899455683095849,231,377,288.01935483870966,656.8198618007569,0.5846000595397274,0.23804587643295783,176,342,232.047311827957,738.5467365765014,0.741718291954349,0.4587520697431966,316,578,439.0430107526882,2090.725812238851,0.419959304029229,-0.006268083181181439,599,1179,824.5064516129032,9672.407385673114,0.5572051548948476,-0.01017460198151321,391,736,527.6967741935484,3777.7077398520782,0.5827288651395262,0.014831542136669373,108.0,6090_3_0
239,285,252.2279569892473,27.396849427642163,1.4047227094833117,4.4970079494198805,207,284,229.99354838709678,112.67595402618144,0.9202048770340572,1.9936289657669892,254,420,315.4301075268817,888.3939257150133,0.5450961392486136,0.13226341522519514,226,459,298.71290322580643,1249.4169485051566,0.4394164027397397,0.28515873473865394,177,441,240.2763440860215,1114.0882449622093,0.8225222675635002,2.2961331854584808,301,645,455.55806451612904,3556.673158790236,0.27920164861142566,-0.07719614449727974,551,1169,855.3817204301075,13601.252410384619,0.13467991302866486,-0.4374593478680606,329,768,546.6193548387097,5502.88186395361,0.1382151289576265,-0.28471401962355136,109.0,6090_3_0
240,277,253.80107526881721,29.39095686192807,0.7508070566915108,0.5301289056456087,203,272,234.77956989247312,144.33564244128848,0.7509625494974007,0.2887126568508682,238,446,338.84301075268814,1235.4758660601642,0.532873372122883,0.05112015714217488,216,448,318.494623655914,1603.186731020753,0.6133534307744689,0.21165724572216238,164,358,247.5268817204301,1161.1408266490735,0.7039512701698556,0.21921089725822407,286,700,513.3516129032258,3998.9300565991875,0.116233944788781,0.1970707406658514,551,1267,976.8376344086022,12190.002672546501,-0.27006756478211014,0.25681630051891124,352,797,620.0817204301076,5078.9405696957065,-0.13744536685361872,0.13324774390005611,110.0,6090_3_0
241,266,251.91612903225806,17.512871974721342,0.3521925737650089,0.02696186387196109,206,260,230.6720430107527,79.32074609072073,0.3090573854751234,-0.05803765080769985,259,411,326.8333333333333,919.5039468963042,0.2916218955564505,-0.49788041645660996,223,395,305.5236559139785,937.3928735951481,0.11746477991324578,-0.3218201799832414,172,329,237.28279569892473,587.744483026031,0.07887573422980843,-0.1347705146293352,289,643,490.4225806451613,4307.430490642037,0.039738561557739915,-0.6529927291506881,605,1263,931.921505376344,18485.14022593377,0.07176335341314632,-0.8499214041881995,346,792,591.2677419354839,6957.797989513526,0.03374410770455503,-0.8157824631589974,111.0,6090_3_0
241,269,251.54719235364396,19.087782179462994,0.8744481985492809,0.6387831735784504,209,266,230.45280764635604,82.04471997850605,1.0333748501138122,1.1243870598657857,254,428,328.67980884109915,844.7394602504959,0.7134762324741873,0.5054282611473604,230,421,307.94743130227,956.5642188723684,0.707246149257271,0.729446247521166,177,340,239.22222222222223,613.3309409888357,0.7070442418363075,1.0177574703956642,316,669,488.505376344086,3937.247877758913,0.3934633156641966,-0.26700097811766277,602,1224,915.483870967742,15445.546689303903,0.32624523461320026,-0.68107438743698,390,775,580.6989247311828,6033.808766784998,0.32241838309086585,-0.6195142330619761,112.0,6090_3_0
247,289,257.4623655913978,17.09492227739389,2.0361324189740446,10.65881651111296,220,297,243.13010752688172,58.29844670532542,1.1046385019055964,6.218011773330673,298,430,328.9236559139785,157.86176487609524,1.6458613770672716,8.132044902338865,267,518,340.0548387096774,532.3640508350985,0.7579960496671184,6.000725373199188,210,504,316.01720430107525,1141.3344722617683,-0.12483561621921688,1.837557649920794,396,591,451.43548387096774,580.8618181186847,0.8599771342367846,2.1992959816003346,666,1198,791.0559139784946,5164.15402849636,1.641410648244337,4.137826394482048,447,749,516.5064516129032,1593.4256849196154,1.6760826003881086,4.515824549479375,113.0,6090_3_0
251,307,260.6559139784946,54.10537402919082,2.9823260826487514,11.257624464078575,225,329,247.952688172043,136.70604766369203,2.534737122918775,9.320145468658481,290,473,333.4462365591398,423.8943076727201,2.7617974874122027,10.285112210256,272,530,352.26666666666665,1029.362612127736,2.1346575301768564,7.191139088194744,204,530,334.93978494623656,1503.8951861754458,1.4098671255182003,4.32539800124315,377,550,438.55806451612904,419.77972499045103,1.3708504593044926,4.090994863240211,653,936,747.0129032258064,1731.9869162123684,1.1574884708119395,1.9591362396191716,436,596,490.7967741935484,565.5463835549846,1.0991050469386392,1.8864958856845115,114.0,6090_3_0
246,294,256.1623655913979,20.351434656295936,3.4603536045515497,21.836987425648616,218,295,238.90537634408602,58.55508408856788,2.1454744712586336,12.900286280669548,285,428,325.4548387096774,149.83057397826312,2.410908031729436,14.853937239232174,261,487,327.547311827957,507.9164889984606,1.2225738597799203,7.077647740809587,204,488,293.71612903225804,1103.0775651932358,0.4774384613948274,2.177686452269742,396,563,453.8838709677419,525.8896211674017,1.0509538035372725,1.674201582195991,686,1066,805.0301075268817,4880.046455316736,0.9414455474580797,0.6201682286416714,455,667,520.9623655913979,1433.5152667337984,0.9148766887536672,0.5741668153568766,115.0,6090_3_0
248,269,256.9279569892473,11.1885609454032,-0.015314636128866946,-0.173730750698323,220,264,241.39247311827958,52.96851163813559,-0.25514245017352943,-0.11473465151601037,281,376,329.8290322580645,130.57246084933507,-0.0016647488345343231,1.118310190072564,244,413,334.73225806451615,501.50089586443977,-0.3859167652000564,-0.01782897992519894,204,396,304.0075268817204,1223.8503200342604,-0.4046093157443664,-0.5145044866415596,388,557,462.4537634408602,598.7066865747653,0.9819100440907519,0.9597598567778056,693,1113,822.3322580645162,5333.686041181985,1.0559862638072832,0.7311371864377949,459,682,533.3086021505376,1562.7604210794357,0.9821986782069309,0.6644479498961986,116.0,6090_3_0
247,283,259.5741935483871,14.72053890760096,0.7968443205052591,3.7785772448571935,222,280,247.15698924731183,43.76004259407156,-0.09985779866023797,2.140201840838574,296,396,337.805376344086,147.5067525492783,-0.11803693153255815,1.4650419772969476,252,455,353.02150537634407,392.8779008530389,-0.6501840156736481,3.503711047839478,220,432,329.0838709677419,730.5742282718151,-0.8092270260733567,2.136655613891871,414,536,458.458064516129,244.24850862877182,0.414233091595302,0.9046210957078209,683,1044,791.916129032258,1788.6732594881767,0.967432841369121,2.2727547944536335,444,631,518.9634408602151,563.006196974432,0.6568873452878387,1.3416036594726668,117.0,6090_3_0
240,276,255.8731182795699,19.068921374584768,0.08711016750075216,1.5773292087789184,205,272,238.56021505376344,71.47807099783557,-0.25182010489701107,0.9253755395556662,247,372,322.14731182795697,283.55093463893417,-0.7009917313608727,2.035607295089643,220,418,324.3666666666667,757.7050233225692,-0.3800451349662702,0.7414065059445472,173,419,291.01182795698924,1285.2216037593898,-0.26481795452588247,0.22232382756230384,291,509,451.93118279569893,570.1524173293054,-2.054168990775239,10.491025505434235,504,1034,818.5602150537634,3907.6675220204406,0.015860725504498966,2.211204034093491,321,668,531.4903225806452,1367.0747178721483,-0.3916162352630177,3.9236728838374573,118.0,6090_3_0
244,265,255.55268817204302,11.298082109332498,-0.3604003684730154,0.20849735078193854,210,259,238.63225806451612,48.163866800930585,-0.48747043695440717,0.39674198830424956,257,353,322.5817204301075,171.76134472261768,-0.9439857152872506,1.8670604843425078,229,372,325.0483870967742,511.0105732837945,-0.830229178365506,0.9239297860931579,190,363,291.9516129032258,973.6779575679711,-0.5653722649417523,0.25922287833782365,302,515,447.2784946236559,455.49716888317874,-0.5283713623175705,3.5700142862684627,614,1083,801.0688172043011,4126.6260448858175,1.0120172399794574,1.604270706320957,397,682,519.921505376344,1462.9636920263436,0.9000272190060056,1.3902733733982648,119.0,6090_3_0
247,271,257.19032258064516,16.18871141359075,-0.0033462168102286363,-0.3338358620174273,216,266,241.06881720430107,63.03508686644213,-0.5045690271765484,-0.2536591392678007,267,367,324.6268817204301,152.1200516221628,-0.7008803910273829,0.8820899075750561,258,409,332.305376344086,597.8743521187079,-0.6613514255791251,0.11791091427005762,196,387,304.23010752688174,1221.8199752306216,-0.6271316127629645,-0.2526573079734149,368,514,440.4172043010753,310.5082074609072,0.3140320184554996,0.5350713951410535,660,1060,773.7086021505377,4082.510259615496,1.1275010692146878,1.6683194210614323,430,680,502.09247311827954,1405.136757063324,1.0427641357513693,1.4876795809521148,120.0,6090_3_0
247,268,258.46559139784944,11.138211974952835,-0.47011268328185474,0.2791563161108508,221,258,243.90430107526882,41.83259719666192,-0.950468994273931,0.8413805276991555,280,357,330.06344086021505,127.76023357292499,-1.074570303523462,1.8314669848755187,257,385,343.9182795698925,450.4949292220795,-1.038730403562638,1.215204877029338,211,380,318.1956989247312,846.1575702860054,-0.9476995187498384,0.8364719862831236,375,526,440.5967741935484,249.97824577242264,0.4665193206975481,2.9038768667907284,627,973,756.1935483870968,2276.5028646828014,1.4328032600542127,2.949524217307583,413,613,492.9967741935484,779.8309906593979,1.2379397162757368,2.235057996681175,121.0,6090_3_0
241,281,253.77956989247312,15.612283991342293,0.3523948814558439,3.0798886223225397,203,272,234.09032258064516,70.88526684954338,-0.045379802665163144,0.7440218489303643,229,385,315.36451612903227,295.2243584846696,-1.2249847670661562,3.9389664561662565,210,432,312.43440860215054,815.2168987349097,-0.4731139058948526,0.9643065678679421,171,420,272.69139784946236,1469.1866858802966,-0.06241802351279401,-0.27982751099857506,223,548,447.02258064516127,1160.7906628702385,-1.7939473420247718,9.802663414480186,390,1123,828.5419354838709,9235.383061911873,0.006646674620111512,1.6345148561930314,254,714,535.3838709677419,3265.457436022084,-0.30095911740616316,2.8266272832651724,122.0,6090_3_0
240,269,250.652688172043,17.83511117284165,0.7956451239229527,1.256481781781508,207,263,226.5043010752688,86.57963702443371,0.9709254522782339,0.8387450271599795,252,415,309.6161290322581,734.2023229973263,0.9942765918449072,0.9959915609963681,229,406,286.89032258064515,1033.2581409076704,0.9823997737229421,0.804624087746757,175,332,225.99354838709678,825.7480745859232,0.8458344099924889,0.3112409989023037,328,637,471.2096774193548,2281.278915934581,0.6194000634185607,0.4771563281617035,656,1195,941.9623655913979,7640.206332395801,0.1110108784145357,-0.01591403230408517,432,769,602.5483870967741,3111.0939963193164,0.08178324222408259,-0.03967649755920544,123.0,6090_3_0
239,274,252.49139784946237,43.78087317846685,0.8040494497185937,0.12084261441857036,206,281,230.89032258064515,241.37008923920968,0.8787675149977497,-0.05617922772520778,255,444,323.01075268817203,1802.753382640601,0.8489231382460051,-0.11407153147281868,218,471,303.64623655913977,2789.395707026865,0.8689546736483403,-0.1286411993937664,168,406,239.6494623655914,2321.3430836718867,0.9007680387054756,-0.019463777165317442,335,691,495.5,5084.55382131324,0.5752379628571481,-0.19822294458510736,639,1346,968.5645161290323,14497.75525191847,0.37116457310398343,-0.07086997268275885,412,830,621.0505376344086,6055.410790883943,0.2989247483435885,-0.2849544401961652,124.0,6090_3_0
239,292,253.1204301075269,56.887526187251886,1.2657737427043911,2.816777080708981,201,302,231.55591397849463,237.48718242531572,0.9263611151065474,0.6265112148145398,232,441,319.541935483871,1274.5951178860378,0.6431027585963145,-0.20605885008225844,204,490,304.4559139784946,2551.0534902832273,0.7594203002728622,-0.1723033008092396,158,497,245.8548387096774,2965.691499704851,0.9872023953561665,0.6022020277453346,281,659,475.68494623655914,3594.670279060615,0.4646389474421817,0.2552787504377241,564,1267,904.5043010752688,13772.23087491464,0.3556184859409061,0.168608570568356,374,811,580.8623655913979,5407.007947035198,0.35251318287740985,0.10685149177999609,125.0,6090_3_0
238,278,251.39032258064515,25.28020764609882,0.9673599817685113,2.669556341680421,203,279,228.40967741935484,112.58440570853155,0.7295463715968119,1.040677128950846,236,434,313.7978494623656,856.9816961237079,0.7585521182741957,1.0748867349662348,201,436,295.6311827956989,1383.6151729805433,0.5773398437161916,0.23780069611166388,165,422,237.05483870967743,1356.2671724712663,0.7601089470444056,1.062003924958539,283,693,467.8021505376344,3389.224537889047,0.31385981497527976,0.3789489048650947,551,1248,905.2236559139785,13681.002669074154,0.2519893504853513,-0.07860254647030063,351,796,582.094623655914,5469.3774737548765,0.14705628316947789,-0.12740677017505853,126.0,6090_3_0
238,264,249.57204301075268,15.149271386737965,0.25308004735296125,0.14367816225549923,205,256,224.4258064516129,77.60966700232649,0.774586716521192,0.5491092716377945,240,382,300.9451612903226,575.1046321052813,0.5415988483559947,0.062364357885520416,212,390,278.01720430107525,865.0933527784529,0.6554471570342385,0.26760620732559204,168,321,220.76021505376343,841.183560771786,0.7804173538744741,0.15131867297443247,285,592,439.4290322580645,2216.540168061391,-0.07597819785230689,-0.23835924358990557,555,1211,868.4086021505376,9759.413058323784,-0.1424484427650414,-0.05959509114154793,358,737,554.1602150537634,3846.3090720742616,-0.22002124847428017,-0.1960847169388784,127.0,6090_3_0
239,263,249.4021505376344,17.887616468164403,0.4036656072027118,-0.16104190016894337,205,255,225.26559139784945,87.40516568862346,0.7839248729252306,0.20765885441288878,234,389,305.59247311827954,666.5754007662304,0.7729625473799552,0.47515103726162833,209,379,283.91075268817207,1000.0942868386635,0.7945294573527878,0.06275269664018968,166,332,225.4236559139785,944.4855538965473,0.7823210433184989,-0.027262653863055153,261,645,444.9204301075269,2813.9053948632477,0.5176405397298846,1.867334830471096,499,1260,862.5118279569892,11819.43419794669,0.41357437072487335,1.3214752332474458,324,807,550.247311827957,4607.844045510839,0.4203089475786545,1.6664644173743763,128.0,6090_3_0
237,262,249.01827956989248,17.348427607440076,0.3768122351674022,0.015884274138255883,200,257,223.09677419354838,84.94649119761104,0.883261008517652,0.8222449896887345,227,383,300.2118279569892,618.6278470317257,0.6467234570072793,0.55842506642181,201,388,274.90860215053766,952.2489033184023,0.8776908936634988,0.7009328867579434,154,324,216.19354838709677,855.64602937602,0.9353190520471402,0.5503798831846383,245,597,450.77311827956987,2406.731031170064,-0.3044240002170683,0.7871235002887689,510,1193,898.9483870967742,10642.033931733742,-0.4683299594947933,0.6220065956567384,333,764,574.2462365591398,4277.8499589106095,-0.48461656228014643,0.6302167105130936,129.0,6090_3_0
240,267,250.07849462365593,24.184359410627682,0.8076293188464301,0.3231615176049849,205,260,224.96021505376345,122.65826475456322,1.0258137591324068,0.5438334418012585,250,419,309.96774193548384,1152.5156429042675,1.1146621107838932,0.7102754190161655,221,395,282.2913978494624,1420.964511499242,0.9838806771423243,0.318142849659246,168,308,217.23870967741937,905.6544741136844,0.8292824681157157,-0.1479995054919354,348,672,482.34086021505374,3364.347628968598,0.9139375201875369,0.6102818015177318,677,1254,974.1548387096774,9092.029820479878,0.45093835850759634,0.33643731616376193,427,793,621.6677419354838,3603.830282301469,0.3957091573171693,0.3022059898955507,130.0,6090_3_0
239,273,252.76236559139784,31.826138639073115,0.6755231358354522,0.49271311233622006,205,277,231.11505376344087,157.94476775813973,0.8629051908774308,0.5552957997390737,241,444,328.4215053763441,1590.7780084956655,0.534899083850229,-0.39507074173118717,207,438,304.1720430107527,1869.916548028288,0.6316481702981792,-0.04875092122392655,169,356,234.4956989247312,1143.62592335382,0.7643563487227086,0.5292396988482975,274,681,498.05698924731183,5790.753476393857,0.15891044427125717,-0.5448281936286836,584,1268,968.1172043010753,20266.564289269307,-0.1932477318379656,-0.6912607984434569,365,813,612.5655913978495,7832.650698519625,-0.22185345273853105,-0.5960215238485969,131.0,6090_3_0
239,272,251.9,19.840365984930028,0.7742271767694044,1.0492116875338402,208,269,228.93440860215054,81.68675879949535,0.7875028633573993,0.9137187335521118,254,447,322.8774193548387,768.699704850863,0.4523267478641541,0.5431549575919989,219,411,298.63978494623655,900.3727965091381,0.375216136977996,0.21769376543839325,170,311,230.46774193548387,568.7573006007153,0.5090548274662247,0.280594069333191,303,676,495.31827956989247,3323.0374480595387,-0.1605781072946518,-0.026590576825977763,522,1321,961.6763440860215,13102.260042594073,-0.28555426082344326,0.13382954917408663,347,832,609.1655913978494,5220.291172147181,-0.3367574544429967,0.11412989110605798,132.0,6090_3_0
241,269,250.46666666666667,13.189953354861855,0.8894391159157636,1.3876813914888988,209,259,224.4516129032258,33.32435153998402,0.7151965172321404,2.062786333785554,252,361,300.3483870967742,177.07763464009167,-0.361670712973922,0.5188087818569787,222,362,278.9698924731183,274.27035197981417,-0.006268245140219046,0.99724339047631,176,339,221.88279569892472,302.7688102596155,0.8684566105399665,3.1370639280823296,311,524,432.9161290322581,1124.897156151255,-0.23220944929799905,0.3148586945739371,599,1048,818.1569892473118,5302.974251420767,0.193839696578201,0.22023426988457517,365,660,520.3827956989247,1875.0416843177425,0.036940501631826966,0.2892925391177643,133.0,6090_3_0
237,256,247.05268817204302,9.242646156695253,-0.14696519486087184,0.17758740429807585,199,234,218.24193548387098,25.29877773533803,-0.22262059531156134,0.9304559672485722,221,334,282.59139784946234,152.38830051969396,-0.43805700481682314,3.957442231014814,193,315,258.3505376344086,280.1934604210794,-0.06441123405203264,1.4252916303826737,149,263,204.047311827957,331.2614836163293,0.5837474352198061,0.6337902736633096,226,498,388.65698924731186,1002.776727201176,-0.3457447970494629,4.330991993499063,416,1051,746.2956989247311,5130.809131104089,0.2778465863849073,2.850059453934076,242,662,474.8494623655914,2020.1430836718869,-0.06333309949701407,3.7634941746266275,134.0,6090_3_0
240,256,246.65376344086022,5.778807134506985,0.18800057479303417,0.20680272087968143,206,232,217.46881720430108,12.176098707131032,0.2544745618773933,0.5598022542835559,251,309,279.40645161290325,70.9282683426508,0.026726138757732675,1.0151489150732553,219,291,254.55698924731183,106.98975195898005,0.19089039925350912,0.4477936375347151,166,257,200.48709677419356,138.57303031355255,0.8157143563694957,1.7735720860902395,301,501,382.76236559139784,590.805686540042,0.5644112203034839,1.664257364847173,539,1050,735.7193548387097,3633.913618528421,0.7809039979114153,2.226624195171424,356,675,467.952688172043,1347.274400731507,0.7881895867205311,2.3292907571678354,135.0,6090_3_0
240,263,247.6505376344086,10.395505630982557,0.5964955765978245,0.7541240071294166,207,237,219.2290322580645,23.83661585471718,0.7100631958629586,0.4564417855524119,256,326,283.5483870967742,126.71294142157713,0.7056858793313943,0.33484630694067086,222,315,259.5301075268817,204.40221419725222,0.7653831261325693,0.6206694998536748,174,266,206.11935483870968,241.40554533143512,1.0175785331709888,1.0259406818976444,319,483,390.5494623655914,633.8150965890019,0.5657826359451131,0.5910758215457022,612,975,750.5301075268817,3239.9996307742163,0.5431547908409694,0.9393556962194287,394,621,477.7956989247312,1249.6223711471464,0.5312168500294886,0.9021501129649585,136.0,6090_3_0
242,279,250.51075268817203,15.858334201419034,1.9093082916984336,8.145405642371987,209,271,225.6440860215054,51.52980890540181,1.3767886712871948,5.281316392794622,251,388,296.3763440860215,282.9410974918111,0.990678908054374,2.957215076649864,223,428,284.0989247311828,639.2194821579453,1.045750469462773,3.6869136525760995,179,413,238.63010752688172,940.4464553167355,1.000810939338369,2.849228120235387,298,556,398.98387096774195,1197.4023229973263,0.5460807394891424,1.6399013300381284,519,1059,726.6591397849462,5367.8158743937865,0.5352689581377864,1.063179833260687,346,646,469.3021505376344,1906.1012870817274,0.4036570650754473,0.8937846300418952,137.0,6090_3_0
241,282,252.5236559139785,47.97844948319965,1.7277866510385471,3.036459546325734,211,277,230.6731182795699,135.8693519450907,1.332506727717917,1.542288954645917,252,403,313.61075268817206,766.2315311874255,0.9425507359322353,0.29965796058166916,227,454,303.1623655913979,1392.7454066692133,1.2597110319517952,1.67320064320187,172,430,251.18817204301075,1582.1572334687546,1.4914747079149504,2.883488930685898,302,597,441.19247311827957,1983.0576397328614,0.5670350408354965,0.2598374825221139,609,1114,810.3139784946237,7172.4266074053485,0.7128163296249305,0.6551046857677765,355,712,519.1602150537634,2682.130385314305,0.8122318972454415,1.2532450289654928,138.0,6090_3_0
239,264,250.09247311827957,13.524270518652266,0.22182285945680105,0.5330581295063901,203,249,226.56451612903226,54.09540261814647,-0.11169601092702107,0.5195735202702858,236,384,310.9010752688172,612.59946062942,-0.11264010214793421,0.07104040687613766,204,368,291.73118279569894,701.4432677060546,-0.3023610111982971,0.24048892298887825,161,303,231.88602150537633,467.28085928909576,-0.25330182858771955,0.6108362418024997,266,596,455.6989247311828,2807.573411113812,-0.4625097455542341,0.6559988419716238,493,1129,866.3494623655914,10154.944483026033,-0.5103813920473156,0.8323484168367759,318,711,553.8752688172043,3862.7400766230307,-0.6272562420417179,0.890945550207753,139.0,6090_3_0
238,270,251.0836320191159,22.945150429021403,0.7713496212886344,0.9766383009260386,206,261,227.8088410991637,88.33183561706483,0.6427863708792408,0.5406550428144397,244,424,316.6905615292712,790.0393007608628,0.29497313284327864,0.7008711495034046,217,406,293.2927120669056,1029.415413329675,0.33144125557135157,0.3429671987299061,169,346,229.16129032258064,852.8172557493441,0.7556420455567374,0.7235209021551818,295,662,472.56391875746715,3315.373002806789,-0.15052312899632775,0.2630050984815395,568,1256,914.5639187574671,12186.79405543837,-0.15974728615621897,0.16946066154169026,337,806,580.0071684587814,4844.059757164171,-0.1562914756324669,0.29745880473167174,140.0,6090_3_0
246,318,257.3795698924731,26.418742548931096,4.676913038035322,42.4729063326988,213,353,241.44301075268817,80.76154959084228,4.618805508537883,48.12390151172032,261,527,331.33870967741933,302.14887669710754,3.2353144779922554,30.182090362782766,239,599,337.85483870967744,612.3416611687906,2.825190336281549,27.9762223615606,187,592,308.01612903225805,1101.3075974860237,1.33374957001304,11.83956104258311,329,611,455.4021505376344,1258.5485421947521,0.7290097998817741,0.8628229555620024,646,1168,805.741935483871,6764.445709920483,0.7105944100800615,0.4679414984359389,400,753,525.1397849462365,2156.9126242809352,0.7281131525147881,1.0359791583888072,141.0,6090_3_0
245,279,256.1548387096774,14.669217681169487,1.1404281744878113,3.9094447302105957,216,285,238.67096774193547,53.42445223792493,0.9299384139705141,3.6190302906631473,254,404,320.93870967741935,181.85307475954025,0.5332325620994588,5.366057264698252,237,456,327.83870967741933,548.0471544150838,0.5922145035443613,2.6827712232697323,190,441,301.85913978494625,1035.408554695186,0.30710794812892367,1.078055025146142,281,519,432.78709677419357,566.1785200875031,-0.44443136108769227,3.112509355906459,487,989,766.6290322580645,3407.0129344768916,0.49439341605167,1.0629351614294196,316,617,501.3,1118.8173304628633,0.12858531948398744,1.9324087993259162,142.0,6090_3_0
247,286,256.51397849462364,12.314659073810432,1.6434490930698284,10.556943453407172,217,284,239.36774193548388,41.94858154797041,0.8462937141712971,6.5237752150737,278,403,325.6516129032258,117.66536338067293,0.7029676529706449,8.251114784313055,259,455,330.4290322580645,418.56815514427586,0.39384641592760855,4.35245087010254,208,445,301.68279569892474,826.6818350174195,-0.13021596032001598,1.2380177461028543,342,546,447.0236559139785,417.7152632614559,0.232155529878295,2.556085761923442,617,1055,793.0881720430108,3779.8113777098743,1.281315564645244,2.057366216992447,418,672,516.6666666666666,1255.2256907068531,1.169932884796469,2.060327997948061,143.0,6090_3_0
247,267,258.0741935483871,8.895458175631099,-0.21412535714511396,0.023335376788826245,225,258,243.16021505376344,30.09809252636087,-0.4354779188943955,0.16902046863924713,297,357,328.2978494623656,102.9865400418996,-0.0935994895998679,0.004183658380673805,284,386,340.01827956989246,289.6347569938771,-0.5084541547912433,0.13542555542198054,237,383,319.3290322580645,526.7097051980971,-0.6268629479456483,0.3938175478937169,394,499,437.1752688172043,227.90789147771338,0.4052836017387701,0.4034171485002851,676,895,758.5268817204301,1426.3701054434762,0.6384429966129137,0.39394498141299783,448,591,499.13548387096773,490.7738740928505,0.4402125661729858,0.15751680134355484,144.0,6090_3_0
249,282,259.4913978494624,10.21144368438719,0.6499393894413766,5.692004555468527,224,274,246.51397849462364,30.794745187911612,-0.3313051632114277,2.401517650732104,286,395,334.7569892473118,123.66962278782829,-0.17574328144867435,2.6736902104983864,273,455,351.5827956989247,309.62338507124093,-0.2934855904354918,3.993463232764941,237,449,333.2591397849462,498.3837968910957,-0.5420415061889292,2.6649156673124352,405,507,444.51505376344085,232.6009572091623,0.5775270157162122,0.8325148060135712,676,963,765.1172043010753,1266.8979814113918,0.903482082784559,2.0871070427416107,449,608,502.88924731182794,459.26328576223705,0.5735392853066268,0.7616829758412149,145.0,6090_3_0
245,285,256.64408602150536,14.38233850712409,0.9816251293711593,7.407972550168163,219,284,240.7774193548387,51.66730442029237,0.2081374158456796,3.2763888487210053,282,400,324.2935483870968,185.28402722316747,0.39537104229892167,3.482826593406277,251,462,333.7989247311828,557.5601710707548,-0.176170397079189,2.7932859928904215,194,478,310.6548387096774,1004.5642661203515,-0.24494248044408207,1.9487993188850394,397,517,438.8720430107527,302.7015857032073,0.8990194229824882,1.5191970215456294,664,1067,772.5935483870968,2681.289947567624,1.3690197149927683,3.771589431988076,446,669,506.505376344086,856.3987869949189,1.2099208607791097,3.0585093172640994,146.0,6090_3_0
238,273,254.88924731182794,22.67125131659665,-0.18154198398898627,0.8317933867639384,204,263,236.1258064516129,91.88620090975381,-0.5275322372492153,-0.010332083493892252,229,374,316.9516129032258,392.5240286121046,-1.363792431293261,3.2457704224004464,207,406,317.4010752688172,1081.489126937278,-0.7129842430832385,0.3810416901386229,168,398,287.1677419354839,1883.134372721275,-0.4507495703356804,-0.48196257618365035,223,517,439.3698924731183,1277.352806231698,-2.7095130922334714,12.148900458045716,375,1168,805.847311827957,10060.665574036135,-0.09258108223939122,2.594633009447125,217,721,521.5150537634408,3649.7828732479134,-0.40878297388643325,3.839282374377351,147.0,6090_3_0
241,267,257.0268817204301,15.102613516673035,-0.9327107892050494,1.4064335953418574,209,262,241.58279569892474,77.39948840816231,-1.0261348299824233,1.523176501631471,248,377,328.7215053763441,293.501474588238,-1.2488278406329938,3.232299231198775,227,388,334.23548387096776,765.8766728011389,-1.1107852324316185,1.687932328144469,178,383,306.31182795698925,1359.2395800780118,-0.8942039909533268,0.7971204258764528,293,552,446.7978494623656,865.0957973077768,-0.8450656638968169,5.5511126410018665,527,1165,795.9,5806.880193756729,1.085887676072041,2.89924012994903,339,754,518.0559139784946,2137.047462296144,0.8035793352088763,3.7040117739274026,148.0,6090_3_0
244,265,255.26344086021504,9.806735187564383,-0.35708613564246144,0.19136824161162824,210,253,237.1290322580645,42.37299906246744,-0.5221863645196998,0.4941535174626446,256,361,321.4516129032258,166.8141254904684,-0.3052974817559363,1.2247466733071564,225,377,323.31612903225806,469.2347234278968,-0.6724253472373046,0.8823369831834236,185,364,291.01720430107525,863.8468511638134,-0.552470587622843,0.12605990525831468,281,539,440.73978494623657,574.321881546813,0.07663264183599217,3.2039850428596788,575,1074,791.0397849462365,4387.3213433336805,0.942219873936654,1.3266664109478352,352,681,514.4043010752688,1524.3035336875125,0.867542004994257,1.4598794134028124,149.0,6090_3_0
236,264,251.51612903225808,14.252161533386575,-0.07087806911360266,0.5277031983872575,203,257,228.59354838709677,70.25442550088545,0.0029323932100378857,-0.08510603512636328,230,389,312.40967741935486,579.1226188409319,0.08102093839449492,0.2966323809746405,209,391,297.4247311827957,941.0411530492958,-0.11314986556387419,-0.42096881981816203,166,343,246.36451612903227,1057.2846383554984,0.11866177227088484,-0.5792479961596944,229,584,459.4935483870968,2394.0952220563217,-0.5167811329677116,2.131805533160927,425,1200,898.0720430107527,12268.370476984153,-0.41372428594410626,1.1741292370861567,233,759,575.8612903225807,4766.950598979131,-0.4968748469449385,1.6117860458052444,150.0,6090_3_0
242,272,254.88602150537633,28.23242010717965,0.42483860613040614,-0.3618566503757732,209,273,236.78387096774193,178.09640265286987,0.3185807784992882,-0.6589921919734132,257,435,336.4279569892473,1439.9673553479868,0.2673163020112027,-0.7848837785751934,235,451,325.6311827956989,2252.508606780328,0.24964624177294106,-0.7983858342416958,188,385,267.93978494623656,1950.0652615252843,0.20331173231406588,-0.8380550446705661,313,663,498.71612903225804,4053.043119552762,0.09656381232079397,-0.5116503066818399,601,1249,950.1537634408602,12112.014006273366,-0.046200118764881254,-0.32778336635431904,384,818,613.8505376344086,5085.268272046483,-0.08533715441285382,-0.30641980518374146,151.0,6090_3_0
242,274,256.44301075268817,38.64098984918457,0.18080550774633583,-0.6252460592971989,207,281,240.08387096774194,237.62912601131984,0.1742746092945445,-0.8491908294025694,261,444,346.40752688172046,1831.9338507124091,0.07138580609960819,-0.9521159669284573,224,461,335.59139784946234,2821.628343576745,0.12082424325676805,-0.9633119827073928,176,393,273.1731182795699,2276.9463164230237,0.1539808239744169,-0.9111170356836258,309,682,520.8967741935484,5403.690086461335,-0.15752518957154127,-0.6813918952363789,590,1253,988.505376344086,14482.945611537438,-0.43962080253860103,-0.23226157641489786,389,801,638.6064516129032,6218.779290947602,-0.502311210237888,-0.2417023581228901,152.0,6090_3_0
239,271,253.5010752688172,30.691602717686962,0.3337862648020796,-0.29932587195711857,207,275,232.59677419354838,164.7984825862009,0.3927443064094209,-0.5243649139799333,254,428,325.1795698924731,1230.1259546049052,0.4908042887733411,-0.4062539957336617,224,434,309.66129032258067,1880.4890273967846,0.3996580099279587,-0.5849960722254535,182,369,250.98709677419356,1614.632771971249,0.3158730658542208,-0.77460997996962,337,662,483.9279569892473,4199.718162667685,0.3745997348895705,-0.4057635862472604,649,1258,930.5376344086021,13012.328506776856,0.11663543871085255,-0.4527326788904422,397,802,599.3225806451613,5506.931351783048,0.08600513500342014,-0.35635468169788265,153.0,6090_3_0
240,307,254.1483870967742,45.465578665925904,2.4896912763459724,12.39010841100157,211,318,234.22150537634408,181.8195585494867,1.32665745991251,4.25257649710432,259,482,327.11505376344087,1082.5475664664284,0.5071754905766721,0.6879720647400478,228,559,311.7021505376344,1797.3869706124053,0.897703100638413,2.7384965800409145,178,547,254.61935483870968,1819.549248237786,1.7301035548183297,7.644354114487653,328,667,471.7075268817204,2827.7163049642927,0.26356823574078947,0.7377684970497689,620,1238,899.6645161290322,8811.314670648286,0.25439116969216835,0.8411240163434139,393,792,579.2903225806451,3606.481822285496,0.1512624314027762,0.6512662601064818,154.0,6090_3_0
241,266,253.19784946236558,15.338639073115965,-0.07155209252826758,0.24920105830309192,207,264,232.69892473118279,84.07502575320903,0.0750846437741576,-0.08333915745921461,249,398,324.60430107526884,686.245837239719,-0.04132675827405218,-0.13695598884509108,225,404,311.0301075268817,994.0464553167353,-0.21003857037430843,-0.32863856870486874,175,341,254.29032258064515,857.6443626514808,-0.2528024075619337,-0.38451135249684265,279,612,467.51505376344085,2317.5288366494206,-0.4412337607452142,0.5642080036728969,505,1142,874.0602150537634,8940.68743590634,-0.35634758296123886,0.6151590780929843,336,751,563.6516129032258,3696.0679468037083,-0.4598319561523058,0.8356313549104066,155.0,6090_3_0
243,281,254.76236559139784,21.124308714422956,0.1366402339747383,1.0976893182912315,209,278,237.5741935483871,130.20170144796694,-0.2238791572188207,-0.5880538995091467,255,401,334.61182795698926,823.533767376182,-0.3432677460277848,-0.5997539759255619,231,426,324.6279569892473,1356.7677859184926,-0.35283355591486076,-0.6403576028268394,182,392,267.3698924731183,1298.7284789981131,-0.2049436851044216,-0.5729538521404867,288,585,478.4591397849462,1883.7082317673066,-0.6658917981470447,0.5743846891012621,544,1093,883.2698924731183,5820.171428406079,-0.4424828966616525,0.8382532375958687,307,686,571.4182795698924,2513.20806162251,-0.6334034050736573,1.2476097575981608,156.0,6090_3_0
240,263,250.50860215053763,12.39658900193294,0.18444387798710513,0.013217445768896052,205,250,225.53978494623655,55.15934118082804,0.3151506717032054,-0.10363781227882551,252,390,310.71720430107524,506.76924083012136,0.2597609062543288,-0.16423697965432726,231,370,288.35913978494625,679.1647441462087,0.16583291290328037,-0.3740302756362883,174,299,229.04086021505375,563.2383717027211,0.17914074678687728,-0.5941282791586859,340,616,459.51612903225805,2431.520191673322,-0.02664337365747626,-0.2593974491568547,581,1169,890.8612903225807,10191.943063995277,-0.22274069659341822,0.021610451958586907,395,753,571.4430107526882,4044.253476393856,-0.17744252768994234,-0.13329069108787417,157.0,6090_3_0
238,267,252.1440860215054,21.408710950611713,0.5412600233332258,0.01303971358855227,205,263,229.21182795698925,108.88403648274824,0.5809619160473539,-0.1967619555192175,241,425,321.9279569892473,986.2025544868455,0.5643775921213401,-0.1075337747691778,221,416,298.3032258064516,1236.7066634258133,0.5741923705582104,-0.06361023662740983,174,329,234.8731182795699,833.5899116867482,0.4826485640161579,-0.3019340398896442,278,676,482.7225806451613,3535.866981492413,0.22954757824169778,-0.05357496867199263,543,1258,948.6784946236559,12029.32494068081,-0.05430069488176123,0.026393681641955435,315,809,604.2193548387097,5084.774221327129,-0.0837931494901513,0.13654957320863081,158.0,6090_3_0
240,268,250.57849462365593,17.74894498651574,0.9447631481850567,1.874307196967778,206,260,225.53870967741935,75.95167540539602,0.7926683133282925,1.3292632581389006,247,414,312.52150537634407,725.3154681296807,0.506050769447174,0.5158442376422774,215,397,287.2086021505376,847.2373855573688,0.4654661854909943,0.4577707270751157,169,316,224.61290322580646,542.5561304211951,0.4950323875335588,0.5160812289627086,295,648,469.3365591397849,3006.658403648275,0.03752511285135798,0.2114059370633239,600,1229,927.0043010752688,10635.160368994293,-0.0516407819259173,0.30311077019286614,388,796,590.4150537634408,4261.646705325416,-0.0697069062707488,0.37584026192474784,159.0,6090_3_0
241,269,250.18494623655914,11.324208016482054,1.0443765764215258,3.450622691502007,203,258,223.76666666666668,34.43311804808037,0.9808146511228047,3.6871130708837567,232,371,303.0774193548387,303.6172505989792,0.2910270033771856,0.8086471022615678,205,356,279.0236559139785,392.56133430558936,0.15202720282859405,0.3127612113746019,159,303,221.23763440860216,347.8153743764251,0.6438068697968871,1.5700366779099388,249,583,442.26236559139784,1892.5963216315383,0.31567559759821395,0.655468731148467,478,1179,864.6408602150537,8997.410169334584,0.11691908494428878,0.25340559696638554,314,749,552.8139784946237,3534.65534798662,0.1132563742287011,0.39599059455588126,160.0,6090_3_0
238,274,250.03225806451613,15.428452376818639,0.7001230431962276,2.850940520820865,202,253,222.65483870967742,39.496451265668945,0.627907427644963,2.0138200124807204,237,344,293.2913978494624,165.2314652129125,-0.23993871684386367,1.326863815809567,206,358,270.86451612903227,315.9213444911282,0.3937355132971872,2.0678017879265322,165,322,219.32903225806453,409.65265460606275,0.7955725321175727,2.323007813678479,259,507,408.43655913978495,734.7306318506428,-0.42322742010513303,2.4263423927328773,485,1122,791.4817204301075,4817.382335034781,0.6786794604826116,2.4442238335411055,311,704,506.06666666666666,1823.82762827413,0.5663794588575508,2.541987112694378,161.0,6090_3_0
238,255,247.48279569892472,6.420048149820018,-0.06449747161160081,0.10107813719949954,203,230,218.23333333333332,17.948726228919984,-0.006215906131766523,0.1828440783806049,237,337,284.1795698924731,170.22498582126696,0.6568419204040493,1.7623501732602884,205,298,257.9161290322581,185.72600437515192,-0.03232520015864719,0.012016402954963201,160,245,204.8483870967742,183.8553526164103,0.21210757046017623,-0.17543383572040216,267,566,393.64301075268816,1882.0963181591953,1.139855610529566,1.7079027475437707,536,1205,778.2688172043011,13796.978251559662,1.2877050389700468,1.4490589169658845,334,765,494.18709677419355,5083.654946352304,1.3011598580558825,1.6225453519682276,162.0,6090_3_0
239,261,247.7774193548387,8.806163408451681,0.31791979229512507,0.1457032735507533,202,238,218.83763440860216,31.59363056587613,0.4337293558961312,-0.022493166337909543,245,356,291.3677419354839,416.97333935206075,0.9398261120646125,0.15526724714413742,211,330,262.0838709677419,397.17917983263305,0.6879168275224297,-0.023129050484026692,163,289,203.95698924731184,241.52452052733312,0.6265530776385089,1.099360515858419,295,583,423.694623655914,3119.3038461983633,0.8743468007928241,-0.2208032784475833,565,1209,864.7505376344086,17359.231565910854,0.6293033943340951,-0.5970598816024633,375,751,546.916129032258,6587.213625473107,0.647245515199594,-0.5773625163493143,163.0,6090_3_0
240,289,251.5032258064516,55.17598527726657,2.0635285972455004,5.253134492618402,206,284,225.73655913978496,151.75291387432435,1.8561168900488152,4.023072755171571,251,412,298.247311827957,667.170202669074,1.4601715536105255,2.5612787379991673,222,467,285.2236559139785,1661.4784494831995,1.7679442457761179,3.662089112167754,181,458,238.6021505376344,2166.0116207738693,1.8584115064977702,3.9143354715602277,262,537,409.53333333333336,1655.0414065303194,0.23050984845989167,0.5607346681058791,439,1072,771.0290322580645,6123.408198201327,0.255800783741274,1.0899583910155801,300,673,492.80752688172043,2393.6991897866824,0.16576309692279945,1.0614916001205872,164.0,6090_3_0
239,277,253.86666666666667,44.770147111589516,0.9635575952335064,1.0776233915579754,205,270,230.18494623655914,135.68373438892556,0.7290611667234884,0.45234659971946733,246,408,311.96451612903223,656.8652626827321,0.40624283959888546,0.12348971096522376,217,425,299.0440860215054,1348.1304547611605,0.6923482241865556,0.5638599104398865,178,404,248.88709677419354,1643.3725997430465,0.9465024053575324,1.0238023184617528,279,604,443.0774193548387,2192.0758081877843,-0.015535627025848778,0.7429163085541934,515,1161,842.005376344086,11456.612457608482,0.2521064952373105,-0.055561645129328596,346,724,536.3225806451613,4424.890447584987,0.2422029901637411,-0.0696754083958977,165.0,6090_3_0
240,282,254.2311827956989,32.076744562889914,0.9695089800680913,1.7659522717811136,209,279,233.74086021505377,116.9586085164994,0.5712169416147794,0.3484459188098561,246,406,327.294623655914,742.1542229475561,0.15906879576470706,-0.31295453481209234,222,450,314.18924731182796,1280.3839531465214,0.441205791210722,0.12268097641514597,177,419,256.7956989247312,1344.9829739458544,0.8513665112825497,1.03653345709502,271,614,471.905376344086,2365.5303262844773,-0.1350221680764877,0.39839527807778197,510,1152,885.3043010752688,8532.868549833905,-0.037011369273909696,0.23050341658310014,315,733,563.7161290322581,3311.820299315949,-0.15280396323393883,0.4275981267607776,166.0,6090_3_0
240,274,251.63548387096773,17.347071078856906,0.7580163073692796,1.8299491613420447,204,258,227.33333333333334,72.36024398995335,0.6881863399687177,0.7984797571127635,242,409,310.18279569892474,538.6274754910471,0.4398409600986765,1.0959513504630696,213,409,290.39569892473116,842.4137597370279,0.6455557177872948,0.933506824557925,169,367,234.18924731182796,793.3699596050791,0.8643376782791543,1.1857905531632786,291,629,450.21397849462363,2216.902495457018,-0.01546191910260817,1.0152447535929356,567,1190,872.3774193548387,9093.275054689399,-0.08194071680771112,0.3404558639265187,336,740,557.2795698924731,3727.590217252914,-0.16354098162736586,0.33454323563624655,167.0,6090_3_0
243,270,253.1457586618877,21.65097780293027,0.5761671461532546,0.25189748247374766,209,266,230.70967741935485,95.51967896280289,0.8888537395359468,0.7599512228933611,261,435,323.81720430107526,889.9892730359624,0.8135109292766406,0.5549515780175254,231,423,301.21863799283153,1106.4557287647272,0.7901394692691902,0.46215667703405083,176,340,239.09677419354838,763.5085661367496,0.7191738765482463,0.2800348889162132,318,660,476.52568697729987,3587.9051408253445,0.39136202719870244,-0.07089739400932205,607,1245,923.5065710872162,12504.149777343328,0.028357357025347786,-0.2619513939955027,402,813,588.2102747909199,5206.494009134925,0.14590528061757752,-0.24845245282485795,168.0,6090_3_0
246,299,256.5537634408602,20.413145132354135,3.255648387110076,22.82663258005465,217,300,239.2720430107527,51.8214995891061,2.3571016067671664,14.78180189703724,286,441,324.0043010752688,187.34551431183954,2.352677684100448,14.45782825397621,259,510,328.89032258064515,444.6015208861418,2.6041211458025293,18.51121819422653,215,518,298.4,726.4576964477933,1.9165305641449026,12.342943231381533,393,535,441.78494623655916,482.33690984640674,0.8093739275115344,0.5899392387496256,683,1054,784.7376344086022,2683.0742548931094,0.8004121571251052,0.95356391486406,445,647,511.19032258064516,959.9454390777458,0.7265967805310883,0.6606292131864451,169.0,6090_3_0
244,268,255.2720430107527,10.090606155306316,0.4578277984782068,1.1679627312291148,219,256,236.6752688172043,30.329312360382875,0.49480974962362867,0.619777200349505,284,360,317.35698924731184,92.5441114853525,0.5518007362587587,0.9165363272728335,266,393,321.06344086021505,249.13375348681092,0.4310972903574435,1.2807557292432907,212,395,291.4709677419355,488.71659432619197,0.17663063475021087,0.9698636574981769,392,488,429.06559139784946,262.37136590390867,0.43409014356095543,-0.041518218630120174,672,989,766.4989247311828,1812.7432711783974,0.8605277052683479,1.350508000129012,436,638,500.59032258064514,661.6737490885099,0.7520331942907317,1.3023459316061707,170.0,6090_3_0
243,287,256.8795698924731,15.929506811579108,1.1901763753331187,7.3148029499202725,209,282,239.8752688172043,64.13081935715361,0.3889087178634093,2.9826924895820017,241,403,322.33870967741933,197.98310705232822,-0.09667550505564948,4.350653130458198,216,447,328.4548387096774,640.9651272613632,-0.08376628158316016,1.7487054054334887,175,450,302.7451612903226,1171.5959130525366,-0.27857161473964637,0.7103036929559714,275,537,440.2763440860215,512.749170688797,-0.5303750929146231,6.734672173749715,564,1198,791.441935483871,5228.229671169139,1.44863454357015,4.0461207474811465,354,761,516.858064516129,1744.0702524393207,1.3612250069775746,4.625858919163877,171.0,6090_3_0
246,284,258.23118279569894,13.265119159230066,0.8274542934249303,6.927515209325938,219,282,242.69247311827957,37.99789807516464,0.03273934741472816,4.217086156467146,287,396,326.19354838709677,123.0023264696691,0.20001110885274156,3.433323285463139,264,444,337.72795698924733,348.78167181730845,-0.4747715558677538,2.8141043334207723,210,439,317.194623655914,619.6854393092353,-0.7576472274684313,2.027736168607907,387,503,434.7935483870968,242.6074933157401,0.39411997396128606,0.8387157539115231,653,994,759.5075268817204,2296.3040337048737,1.5509678138200056,4.095549814755122,439,658,499.5247311827957,769.5262983668414,1.3837706727266692,3.388035903075229,172.0,6090_3_0
249,269,258.3817204301075,8.839062698936305,-0.07025412132225166,0.20537089831469535,224,258,244.0021505376344,27.83422572543028,-0.4496181647428922,0.5784974790625808,297,376,333.21290322580643,115.17959651376785,0.07707104604529966,1.0543561454324948,275,389,344.06021505376344,250.3860365521951,-0.7148281650390844,1.7097464121164307,230,365,319.97849462365593,448.05551118673105,-0.7706692687399967,0.978603693972993,400,537,449.1494623655914,355.10465525423336,0.4702011288911682,1.2708490465687436,673,955,780.5559139784946,2050.4559660636364,0.24267404894279196,0.15593438465846532,445,590,510.56881720430107,675.3865400418996,0.06405305428769602,-0.05771001282842958,173.0,6090_3_0
247,263,256.3032258064516,8.79923608458627,-0.27992473836072407,-0.22035425238486628,220,257,240.40537634408602,35.6858698797412,-0.3572972551822903,-0.09317630744140182,291,391,334.8311827956989,258.0780362744076,0.38426256392435715,0.573558201019909,273,399,338.5258064516129,414.28189520469465,-0.1416821857687286,0.09142798752212089,232,351,301.65913978494626,466.1366494206975,-0.524609890014399,-0.10139763222150178,402,564,468.9505376344086,792.2128360938459,0.5526728300048869,0.4830208795947253,688,1009,830.016129032258,2884.3495781103506,0.3045629778095722,-0.27279998181661247,453,637,541.1666666666666,1022.2897380696087,0.26865660394299,-0.2806660568863739,174.0,6090_3_0
248,271,257.594623655914,11.052931236038287,-0.02378793085691476,0.09379346813662481,217,262,241.84301075268817,40.68146347674109,-0.359597641149458,0.5105569880473881,279,366,329.8268817204301,102.10024537889046,-0.6962308741435038,2.2826857990609186,254,391,336.9182795698925,320.06005301109997,-0.624171469384812,1.3208499420120923,199,369,307.69354838709677,721.01147609292,-0.5365516876108868,0.45167963683144263,365,533,448.741935483871,449.1152470571895,0.6138335561125524,1.4948867299860344,650,985,784.2688172043011,3290.5261525284445,0.9370623664186022,0.6556609182997213,403,641,511.252688172043,1214.4237010544348,0.8544502835462081,0.9488095687221874,175.0,6090_3_0
239,282,257.86021505376345,20.617683484380244,0.9734982600008466,5.561812587272259,212,278,241.89354838709679,71.48596479044411,0.004922758287077475,1.6465972332314642,247,389,328.69139784946236,231.0704318436983,-0.9053322827537743,4.852147020086691,221,437,337.210752688172,689.0384203155202,-0.45334693987413816,2.287017233546907,175,434,310.23333333333335,1348.9261212773592,-0.38347119504689603,0.5429063268772261,262,552,445.5548387096774,859.3258377026979,-0.5301288618922568,6.680093590781375,455,1088,780.9849462365592,5909.769417919603,1.0690149311919321,2.8119132987305226,309,694,508.9935483870968,2167.2959755547067,0.8748523990554391,3.1097289172959215,176.0,6090_3_0
242,269,255.95806451612904,11.607496788082921,-0.11036038278299246,0.46195407881365425,213,263,239.2709677419355,48.826389805201565,-0.12772579952141708,0.14729097520688095,250,369,323.56344086021505,176.46798384203154,-0.40015391271079026,2.2882477767127156,232,406,328.8838709677419,574.417070037154,-0.23913820775538963,0.30756297817871525,197,401,301.84086021505374,1198.7625912936792,-0.16176482440062775,-0.4056106363573586,249,549,444.03225806451616,639.0538560366679,-0.546231141260905,8.742590552458852,424,1227,792.7333333333333,4979.168855400072,1.387452572449406,6.902751487825336,255,769,516.9688172043011,1832.2907381043324,1.167607190258481,7.744379272812843,177.0,6090_3_0
246,264,254.2,9.908288482238966,0.15379384282099012,-0.25268241383987045,214,252,234.88387096774193,42.922990381610475,-0.02503368523113658,-0.08666819048826024,273,365,321.3817204301075,201.00052663865645,-0.10843084074262133,0.5428597480204815,240,373,317.80752688172043,473.7896095929257,-0.3202851494357146,0.26331739405424726,196,361,278.13548387096773,860.2292024028612,-0.039189970703200606,-0.05282248141260659,356,564,458.85591397849464,623.6347604662197,0.1829760635304764,1.3244175212914886,639,1149,845.5548387096774,4171.53251154554,0.581017064765503,0.9693890874910096,430,711,546.4720430107527,1420.5013704179544,0.5800882337454341,0.7800514903578861,178.0,6090_3_0
242,270,253.66129032258064,17.681707698183963,0.17785776908325904,0.28267909507302447,210,271,233.7494623655914,115.14168431774249,0.3495368445173887,0.527560643498167,250,426,322.3365591397849,835.4743347569939,0.4585661883674007,0.6942690279222723,223,440,315.56559139784946,1528.6614627822726,0.14469484057992069,0.01733910830695784,182,394,268.5462365591398,1716.336395939674,-0.04843611933218669,-0.4720250294666477,312,635,470.03225806451616,2427.2583770269803,0.2379598146718455,0.823425025830991,616,1216,886.0591397849462,8141.883473963216,0.4788991084894149,0.5307375749851806,410,767,572.2043010752689,3345.859184925402,0.43360633776876994,0.3964510664805805,179.0,6090_3_0
240,272,251.38494623655913,25.087394238225862,0.7248551250524125,1.208372901893581,206,269,226.93225806451613,116.05891524011251,0.8453729304509806,0.773465777895554,251,427,307.3322580645161,829.8195180388208,0.9321670761005525,1.107081782880556,220,428,289.26774193548385,1355.28345775895,0.8423400761461132,0.5242831411659226,172,363,235.03010752688172,1284.34570181835,0.7339985717360149,-0.08810052905520083,286,675,447.55913978494624,2949.3597925853906,0.5287045410437958,0.9593691977273506,558,1238,874.1569892473118,9744.466178223782,0.05732267786778128,0.4766886615712198,348,787,562.4623655913979,4260.0335659803,0.07586580491125594,0.4147449406944128,180.0,6090_3_0
240,279,253.43440860215054,35.25995578550181,0.8741734947333085,1.184085293150889,202,289,231.88602150537633,177.88365799738418,0.9361788708728439,1.2436799276242052,233,468,320.0956989247312,1244.054341007211,0.9097478539422121,1.3587885088921592,203,474,306.26666666666665,2021.5262289199857,0.8183476613440869,0.8786712799360363,160,419,252.28064516129032,1976.314049098927,0.7438425230267938,0.5237752032793335,265,727,466.11075268817206,4573.058764771924,0.5155684339229804,1.1024221164045898,508,1345,896.1215053763441,17494.558955750777,0.14944184085665307,-0.04194501641506987,328,851,575.5774193548388,7099.24749817702,0.20132862684108943,0.04707638539882497,181.0,6090_3_0
243,293,254.252688172043,38.514120860678034,1.5893296544365167,4.19556787220687,207,286,233.0494623655914,122.80702339201592,0.9217989847631358,1.664913901587842,256,409,323.0258064516129,680.5719920830584,0.14249575259643738,0.06890401311024208,225,448,308.43763440860215,1126.681251663831,0.3487005409859613,0.7943025483036341,177,436,252.61505376344087,1294.176737618204,1.0116690893399225,2.656752398487499,327,621,463.289247311828,2281.348969292915,-0.08541343994975081,0.04597394692415957,593,1168,874.2741935483871,10267.680388207926,0.019491163346191737,-0.5651692328122992,381,739,562.352688172043,4130.951903422572,-0.0710530307129123,-0.4162887095301291,182.0,6090_3_0
238,277,251.16881720430106,17.311620773869464,0.7600539188373937,2.6595400711467256,204,260,227.24516129032259,69.86017570054514,0.18112275497942024,0.16588155894154788,239,389,313.19139784946236,593.7092908318575,-0.06451384942930014,-0.004864340983583126,212,379,294.7010752688172,821.3314304894847,-0.17632962152976417,-0.2091339724651231,166,334,236.76559139784945,676.4358438371703,0.053446069819597694,0.11836364531855237,262,579,458.43978494623656,2222.7762410731852,-0.5927738536003664,1.207473628753581,491,1090,877.5290322580645,7542.40873641446,-0.6559574826168504,1.4665601586261818,341,707,564.9397849462366,3057.6691366598375,-0.6473780167257547,1.3471670213398426,183.0,6090_3_0
241,272,251.2731182795699,15.64976098707131,0.689079759597165,1.6097137797860759,207,266,226.7505376344086,65.44469831128396,0.5310411576806052,1.0007569297531917,245,384,305.3301075268817,469.7563584383717,0.22261581094182795,0.19745467005805883,224,388,291.0860215053763,741.7019572438859,0.059461306782673216,-0.07590560980551952,176,363,241.24516129032259,831.6793360880587,0.20141289847393753,-0.09460150176889304,293,574,434.8236559139785,1945.5942729492922,-0.09846277169228532,-0.033759487474553485,571,1094,813.5827956989248,7806.103471185343,0.041925800111009326,-0.03808328826456009,354,709,526.0301075268817,3081.7558202252385,-0.024552263614001608,0.010230530343306121,184.0,6090_3_0
238,264,249.06344086021505,10.065938632128432,0.6592667789818563,2.284091218586803,206,247,221.547311827957,31.996144542055866,0.4458117666351156,1.5735644621638887,248,358,294.01182795698924,305.08166834496564,0.4855783590390055,0.5662560807939916,217,345,275.8666666666667,462.46659490491567,0.14161753445916458,-0.046068540800003,170,312,224.68709677419355,472.7362165352964,0.2423494419862643,0.15437415159939372,285,549,410.3290322580645,1827.211319837494,0.1408639392770102,0.3864627540735426,514,1024,768.1236559139785,7636.504606641434,0.27324567836485897,0.11826601251388436,329,660,494.7225806451613,2933.6904475849856,0.16948956674147916,0.2739429654372505,185.0,6090_3_0
236,267,248.7010752688172,10.739396043844115,0.5524822647074511,2.789393422354732,204,257,220.74086021505377,37.22986793522922,0.8498709659766548,3.540818810224989,233,386,293.0784946236559,264.518051552716,0.5804284072431259,3.423001290244354,210,354,271.23010752688174,375.78552959014786,0.13566438618926635,1.3007500341342242,162,311,218.64193548387098,356.59823952220563,0.20957613158379512,1.5527330075665784,259,604,421.68279569892474,1473.1145583758696,-0.05815734126210473,2.1673941756416095,496,1172,814.3236559139785,7361.454875748001,0.27651793273050396,1.0619080070136073,296,728,521.3182795698925,2907.874907693554,0.06631404293906878,1.2783690004947124,186.0,6090_3_0
242,260,249.38279569892472,7.566980334965336,0.13074870245763037,-0.058293644703015346,207,239,222.32150537634408,20.41428406078915,0.056890424414207934,0.3073337030211749,255,345,297.90645161290325,161.35291850411474,0.3891502980138413,1.0212115296652806,224,324,275.23118279569894,196.59127631746475,-0.04672977698721706,0.750462571823999,178,264,219.95591397849464,182.90978737687652,-0.1734038931919442,0.11564777051044928,336,545,426.73548387096776,1098.7092885169623,0.2462299050471064,0.08226002470303717,617,1088,824.6172043010753,6192.884526083081,0.28517617605570716,-0.20122132308007945,406,684,528.3731182795699,2319.9930333229163,0.2827118172766371,-0.1685538997922289,187.0,6090_3_0
239,270,249.43763440860215,14.760907207426186,0.9005421235918765,2.0996095204548624,205,251,221.34516129032258,41.666526615507486,0.849905044863441,1.6311676599668923,242,334,288.4978494623656,191.5161417641816,-0.04685954164242273,0.2788761469943468,208,341,268.1666666666667,409.7278435593828,0.4893976591760668,0.6289436941965407,165,316,219.5258064516129,578.7189242682038,0.8784798784490058,0.9329401697249216,241,502,395.44408602150537,891.6766334479207,-0.5114980623339686,2.186180018506059,432,1045,762.763440860215,6651.1947868560255,0.5439302542803001,1.1995993364609658,284,670,490.64623655913977,2633.322510040858,0.37237489625520015,1.2037175560086162,188.0,6090_3_0
239,265,249.31935483870967,9.380141671585818,-0.04273782028570046,0.9229762751971036,200,245,221.05591397849463,30.244448302603104,-0.22214419640231584,0.8076079559357954,226,322,287.73225806451615,149.7355567901663,-0.9127324366605993,2.0227762990128166,198,335,267.9623655913978,293.448528305381,-0.48099846818616193,0.6316708517834999,154,292,219.84301075268817,415.779418266838,-0.04155681449830599,-0.14231150250081814,235,485,392.51612903225805,862.3447341921594,-0.6051016404323293,2.518565855229501,433,1056,748.6118279569893,5890.338934222254,0.48211259369286913,2.031521128876805,265,679,481.27096774193546,2243.381825757839,0.33535665798480974,2.222912614882447,189.0,6090_3_0
237,256,248.11720430107528,12.174622961445422,-0.49558916970504263,0.10583642062721177,196,233,218.7505376344086,35.201425975438966,-0.691376605766148,0.40596744977983334,226,337,293.347311827957,469.38516499415493,-0.40257645232926487,0.02886216710310263,197,299,262.31720430107526,391.4999189786682,-0.7829209473223114,0.4776355691020906,152,252,203.41290322580645,246.11135108857943,-0.17380046063790572,1.2204624016957366,234,560,434.1698924731183,4006.4468858872415,-0.30675223923851275,-0.1646062752622819,429,1213,887.6720430107526,25427.67166105305,-0.0746184601907126,-0.7885663495748187,277,749,559.1838709677419,9532.113625473106,-0.11619492887341883,-0.6193714219894941,190.0,6090_3_0
237,261,249.29032258064515,10.503350810792043,-0.44577554667526975,0.5633297118420466,200,246,222.03763440860214,37.896321631538136,-0.37454428582583194,0.26854553925866664,229,357,308.31182795698925,593.1943701748903,-0.47472006903986685,-0.5046833823574128,198,321,275.7225806451613,464.66568978089515,-0.6391105353089068,-0.05364084253957557,159,288,210.23548387096776,222.2340463210528,-0.1281246219482918,1.8691453532205466,248,590,473.4591397849462,4726.433743069782,-0.6724016026597198,-0.2721046682528616,439,1225,972.5559139784946,27137.454889637374,-0.6527428527166695,-0.37818912045063424,258,777,617.2806451612903,10342.555168582243,-0.76447927071335,-0.13377628576074851,191.0,6090_3_0
238,273,248.58817204301076,18.627847031725636,1.8428870486659996,5.711961418165529,204,264,220.1236559139785,58.965317082769076,2.084474624662192,6.362656125289401,250,379,290.2924731182796,266.5623760084262,1.298668191061943,3.1561952798948996,220,429,268.19354838709677,690.6600229174625,2.14081073929363,6.422025156113275,169,413,216.03655913978494,951.8737965438614,2.389762395658007,7.215409453389146,293,535,409.55806451612904,1225.110187853745,0.3120885125585492,0.09479103053292626,542,1127,803.489247311828,7820.047785224024,0.6662834218738611,0.5601431895467046,362,711,511.18709677419355,2936.8734608840587,0.6486675157623991,0.5702452175992678,192.0,6090_3_0
239,273,248.8720430107527,13.797387640774563,1.4747953378101162,5.259707381578307,204,256,221.03225806451613,46.207784992534464,1.229328472652786,2.92961905030431,242,366,290.3204301075269,288.94995891061035,1.0683244392304674,2.3265351736418953,211,384,270.15698924731186,533.6351771473546,1.0522180080997374,1.6635571133415947,165,352,219.50860215053763,650.1856094540319,1.2724990083725773,2.340098571147397,312,554,397.9225806451613,1199.1952915031773,0.7127440171026053,1.5493754391390473,569,1104,761.4870967741936,5593.320070141325,0.6863309552527724,1.1787138206992385,363,673,487.1709677419355,2076.92552866419,0.538637980950506,0.9276260727284407,193.0,6090_3_0
241,262,249.56129032258065,7.44995312337234,0.3308958621255604,0.5544875789423034,210,236,222.2311827956989,19.323246177529313,0.13632122539976008,-0.1199444794240847,257,333,293.81612903225806,114.8283725129345,0.2926464987069538,0.6798672909909351,232,321,272.18064516129033,177.28487794715093,0.24178884427220332,0.2223391451670551,183,272,220.23548387096776,209.44825514774823,0.3291866860160322,-0.14012079381888842,329,521,405.2956989247312,750.6390557542508,0.6251368205126843,0.6478724947103105,629,1016,776.2505376344086,4389.714343090616,0.7357305825790413,0.5365300808853708,391,649,496.03225806451616,1658.1410465641168,0.669618696109333,0.40964237247362467,194.0,6090_3_0
241,261,250.0494623655914,8.852233295137562,0.03318767468183737,0.33878616550680674,207,241,222.54301075268816,24.780171765223333,0.07523024390065693,0.048067007318898014,255,332,293.21827956989245,123.96629628343578,-0.05688785932200109,0.5942065710736122,225,308,269.7043010752688,193.16219891894394,-0.29632667306926863,-0.20905088095465985,173,272,217.0268817204301,240.51057907103257,-0.06323197938236838,-0.3690785778669712,301,521,409.81397849462365,743.1440455108395,0.22447223583686263,0.6483210358277218,583,1095,799.1989247311828,5832.592248573446,0.5797301093375841,0.2628645219379715,398,673,508.8451612903226,2191.3538247855827,0.5883228490058958,0.2022815227772896,195.0,6090_3_0
241,262,250.99163679808842,9.670982604768682,0.24824598388577637,0.2559742757420893,211,238,224.60812425328555,24.458689898418253,0.1378628068806225,-0.27446734926890803,254,334,298.1696535244922,122.48553732000249,-0.013445769637664211,0.5127997981975012,219,315,276.7299880525687,185.3337049041633,-0.26331858011997633,0.41163121655574786,181,275,225.10274790919954,236.53727712895795,0.08599738099288283,-0.04923949774903491,312,525,410.1266427718041,831.8140859643407,0.6286837038291083,1.3404523908178811,614,1123,785.9940262843488,5949.082500157203,0.8051049790000588,0.9069536521655266,375,692,501.0931899641577,2163.0535061995165,0.7476704382990597,0.7831907914420673,196.0,6090_3_0
242,296,254.3494623655914,17.118864080928734,3.5440512723195394,27.315302459858067,216,302,235.33118279569894,43.68998460594696,2.749889632365796,22.497116812247494,271,443,316.4967741935484,154.69374631063576,2.6304934512120335,23.283364875153723,250,494,319.81612903225806,349.66798499947913,2.0867659647226304,18.938091917054262,204,506,288.08924731182793,583.934975751473,1.524138139192382,13.24591788916775,345,519,432.68279569892474,322.014450733243,0.09881789658406367,2.279369576165596,649,950,770.9172043010752,1750.782157945299,0.8652509495159381,1.4909442418789558,425,624,501.60752688172045,636.0901478060581,0.7836634025274234,1.5489377903267156,197.0,6090_3_0
239,285,255.36666666666667,16.389630426982418,1.3030584722133223,8.579694313050181,212,282,235.6720430107527,51.957990439482856,0.4296376419640676,3.8472920134212334,251,397,317.0720430107527,193.63850712408993,0.02740445443754184,4.132671461015641,227,449,315.44086021505376,524.7333124992766,0.0804077880461977,4.503320165212858,189,439,280.9548387096774,891.4597451300393,-0.12515279450564515,2.3670986192083445,316,533,436.13548387096773,702.72220563214,0.05083789024316518,2.042368770743165,596,1176,799.1075268817204,6460.748382466984,1.5022436467805589,3.370015462756813,365,754,519.0731182795699,2419.8482539903002,1.496136739225465,3.94047242489766,198.0,6090_3_0
245,268,257.4731182795699,15.192495109783904,-0.18222144620006575,-0.454712159233738,215,259,240.34086021505377,64.1667893561119,-0.34991347802644995,-0.4034466143834017,282,362,322.6967741935484,192.53874092850444,-0.2614116097635259,-0.2504687902643723,255,384,327.9247311827957,625.6326492818038,-0.4928478143646899,-0.2846108449515641,210,371,301.80752688172043,1211.9187807447017,-0.5185838393569592,-0.3735898928240693,364,517,436.9956989247312,456.4176348715812,0.17769801581576428,0.6325582358216497,622,1081,784.1021505376344,4793.762428093568,1.290824888127074,1.8986919747389903,420,682,513.6612903225806,1559.3781554915104,1.1486497122444472,1.6285804340903525,199.0,6090_3_0
245,281,256.8258064516129,12.589645473801175,0.4194397879145886,4.073070144856323,218,275,238.93118279569893,43.67448406773383,0.1168118727147702,1.9088556528186533,274,385,322.958064516129,148.00362165352962,-0.06545253181877454,1.4429216990957041,259,427,325.51505376344085,402.14670532541635,-0.22029753794748502,1.3663011864138888,203,407,295.2989247311828,781.4347674109055,-0.3529891038788176,0.5887299072564911,338,531,442.6247311827957,666.6179022419759,0.3016979922758082,0.8199661896228521,617,1111,792.405376344086,5350.641736402885,1.0818630933253137,1.423966216392265,414,685,516.9064516129032,1765.8286989131568,1.0875685255031473,1.4610587368453052,200.0,6090_3_0
241,268,256.6688172043011,13.83637857795988,-0.976468668704687,2.2114696028713983,205,259,240.2763440860215,64.07748069956132,-1.3057296019800202,2.74089925641782,237,399,330.21397849462363,364.1597613343056,-1.2258806844431884,4.498188770345949,215,401,333.5870967741935,753.6118893017118,-1.4318182877558174,3.2136256674249504,170,362,301.73763440860216,1092.617850156834,-1.213602026720275,1.943453940383181,274,575,456.2440860215054,921.4053740291909,-0.9080527158059076,7.8118504381772755,503,1249,816.4741935483871,5657.020323622348,1.3575624410875629,6.085731071753994,297,791,532.1612903225806,2051.074065071704,1.0392059076864242,6.49621367700343,201.0,6090_3_0
239,273,255.36236559139786,16.620971793002074,-0.48872445222465943,0.9658506326921525,200,260,237.95913978494625,73.1608690116555,-0.7832274669852526,0.8852252507968714,226,390,330.8774193548387,408.30357998541615,-1.2357676145580982,3.3233149257326513,203,404,330.34193548387094,916.3759574985243,-1.0757996277872741,1.2856924904462081,164,391,290.50967741935483,1410.2307996805446,-0.6389570076568782,0.0214239341397775,244,572,468.2010752688172,1255.299675914673,-1.7619046596106114,8.583642654452595,461,1101,848.9989247311828,7683.889126937278,0.008121871390239548,1.2832533501660137,301,718,549.0118279569892,2794.9977070963114,-0.17219097333223632,1.9879892166852722,202.0,6090_3_0
239,268,257.46666666666664,22.41923214926444,-1.2390569506107876,1.7985508055277952,202,259,242.59139784946237,106.91574938944642,-1.3307673989201503,1.5584608090844956,235,380,329.6634408602151,540.8801474588238,-1.7094395056329537,3.2596251797133116,208,394,338.5827956989247,1269.2423301735014,-1.4790580508352216,1.6995595685902023,171,383,314.0408602150538,2057.4859497436255,-1.2943345186463096,0.9801143777448855,240,537,442.8838709677419,1532.3417201986178,-2.4759076615517635,8.461642300146474,393,1182,781.4817204301075,6870.624530944362,-0.2970561819999655,5.139106513082236,245,732,510.5440860215054,2804.407634524347,-0.8595931755637037,5.780945142983974,203.0,6090_3_0
244,283,258.55591397849463,17.51516950820052,0.5099541059658154,3.275411006629173,213,279,242.86989247311828,69.6568966515041,-0.22788808821958043,0.8114278110378339,261,405,330.6956989247312,216.5305519867588,-0.1432605954968421,2.529702095558344,240,463,338.48709677419356,717.6925136289454,-0.16302200314935095,1.0278557819122982,201,454,313.3451612903226,1410.8850411472622,-0.28709784413579775,0.03306092401589078,342,527,450.8440860215054,385.55262914221555,0.11061607808075563,3.9476074501624794,605,1012,788.1924731182796,3315.826208085929,1.1383835536799634,1.3584084537982042,347,656,512.810752688172,1143.63476046622,0.8543942017218593,2.233947895856608,204.0,6090_3_0
239,285,256.64193548387095,18.695117886037714,0.6146770922113954,5.048618308502313,208,294,239.51827956989248,76.47167841475977,0.06465506731396024,2.5856698233563415,239,417,325.65806451612906,264.24678634674814,-1.1286575042764224,7.00624353113116,225,475,330.89247311827955,810.98519624524,-0.492085415965362,2.258149416914571,181,449,302.0516129032258,1658.5678391610818,-0.32031577794138355,-0.11739644289854168,232,551,451.4301075268817,1086.729770709631,-1.7332483401729222,10.223655307899882,385,1109,807.2301075268817,7447.296832065928,0.20776937497875775,2.402707411827622,261,700,524.5903225806452,2771.8416715858193,-0.11828992866588262,3.734613776006495,205.0,6090_3_0
245,276,256.494623655914,12.375105617093187,0.1728854467829484,1.226419302931082,219,273,239.9989247311828,53.57265761542646,-0.08524074509865107,0.2315827754364279,282,374,327.6548387096774,194.79462134101877,-0.1556943695769386,0.15781504128049217,257,412,332.06774193548387,577.2386784263342,-0.26235721949468843,-0.06746470195573284,205,377,302.59139784946234,1131.3334027801889,-0.1662461257775916,-0.44267532466170145,393,531,450.6225806451613,417.5398555505399,0.4716700224822428,0.7256173780782467,674,1026,805.6516129032258,3305.5448036390158,0.8527209543066654,0.8818966989977177,456,652,523.3763440860215,1067.1692998599488,0.8346714271770961,0.8371801339912541,206.0,6090_3_0
248,267,257.6010752688172,10.79547785224024,-0.25953432049952,-0.20430809481915801,221,257,242.26129032258063,41.422504253619906,-0.4529950252315695,-0.019957300149990864,277,392,340.77096774193546,223.64070627452344,-0.1274635909709268,0.5784013269029589,262,390,341.1193548387097,386.61544845307134,-0.6620439204774482,0.6640342187157819,217,367,300.61182795698926,633.7425940715534,-0.3923528456480545,-0.008454388467064256,385,578,485.56559139784946,693.9703971202704,0.057246442520020695,0.12202575702365248,742,1092,874.4408602150538,3358.481428753313,0.13747108557117743,-0.37109279514892046,479,674,564.7989247311828,1112.6150688102596,0.13400348615286506,-0.4290849492827862,207.0,6090_3_0
239,267,254.15591397849462,12.377171661053048,-0.3386216895945663,0.8616217075203951,210,257,235.2236559139785,57.6679005058046,-0.555076736071219,0.8758053863305846,265,379,323.5440860215054,384.99321041239864,-0.024962747723159113,0.655871307311275,233,386,320.3365591397849,669.6207287290068,-0.8650859761327845,1.4311224745783528,187,337,277.4451612903226,829.2461821591028,-1.2293216997165926,1.4437676409620757,344,572,453.80860215053764,1155.1043392710394,0.4889970487855801,0.6533137217152345,662,1122,824.752688172043,5810.997974466707,0.7705771885852677,0.3785978969698056,427,725,535.9913978494624,2099.386362952417,0.7870268348074285,0.4005571374487982,208.0,6090_3_0
240,270,252.5247311827957,20.602724631642303,0.13670040456974414,0.2511014026001406,204,273,231.1451612903226,115.31690336470015,0.08209705265028744,-0.2054612217498173,244,414,317.6752688172043,826.6888387328263,0.11482148409768426,-0.207614573614201,215,419,306.1731182795699,1402.4081032906236,-0.07673383852686236,-0.5001299243442121,169,353,255.95483870967743,1500.5942984131393,-0.16217828797101025,-0.9021907852554079,290,620,457.89354838709676,2491.0252543491088,-0.06686907289144244,0.19614157440445945,528,1160,865.8978494623656,9807.809790849218,0.06664964905056271,-0.20759448676809722,339,755,560.4612903225807,3791.4026980103476,-0.07591379244229447,-0.1074930488106256,209.0,6090_3_0
241,283,252.39139784946238,27.211551327013673,1.726911510924953,5.882418775361524,210,266,228.13870967741934,79.99257960345847,1.0471336049196238,2.276283581087651,246,386,312.2548387096774,571.393544914754,0.2303833398123178,0.1497612756847695,217,397,291.14731182795697,809.9298366841442,0.4654186310617118,0.748926207261285,171,386,234.26451612903224,884.3626792596964,1.2049479625940605,2.715770664317162,283,609,451.81290322580645,2511.751824716136,0.06655829593619772,0.2295296377502427,541,1227,884.3096774193548,13917.318420778498,0.1977843598950913,-0.5110271647914968,365,817,566.2795698924731,5297.256525110825,0.1501756586006926,-0.4075711707536076,210.0,6090_3_0
241,268,249.31827956989247,9.39266872692339,0.9495040193532732,3.6133520797016017,209,248,222.3505376344086,27.48086623378127,0.46709288040896707,1.2078484831204,252,342,296.36129032258066,221.98558283273724,0.014943143706684122,-0.06363505285563642,219,344,275.51290322580644,364.40510781624357,0.15782811380649045,0.007631806914040862,173,317,223.48817204301076,406.2738104332326,0.6915053283079085,1.080544253469804,296,553,418.3021505376344,1155.38438718937,0.16785205888315927,0.7647451245075305,565,1154,802.8430107526882,5717.357459171036,0.6189468213507473,1.7769903094523558,367,732,514.9268817204301,2177.4736576501496,0.6607224487922976,2.1647906750007504,211.0,6090_3_0
239,276,248.98602150537636,16.915843142701714,1.1607078705377967,4.375712613431689,202,269,221.3258064516129,47.14992534463001,1.267494346230159,4.862343541863554,240,375,289.47956989247314,213.4683657997384,0.35649320316584376,2.4736482205615165,209,400,271.93978494623656,447.85212912485383,0.7052309777205813,2.8820459538289604,170,363,224.27956989247312,601.7473754875749,0.8285392465513994,1.9182490368381906,282,526,393.9451612903226,1038.0583457758948,-9.109020858596459e-05,1.3923393591284619,526,1113,737.2043010752689,5450.442607960925,0.730522034331025,2.946479771185259,311,699,476.31290322580645,2019.4036008194728,0.45031968535571143,2.598496655430245,212.0,6090_3_0
239,279,247.93763440860215,16.613975022280865,2.1552198290397095,10.738174881527513,203,275,219.3494623655914,46.09841198189752,2.0132652952738246,11.007179908948556,237,385,287.3752688172043,248.83749319999538,0.7992446949719775,3.7335600811654652,202,411,265.86559139784947,445.4383196175793,1.1765935921769892,5.699282051999683,163,392,214.34516129032258,558.9776138060349,1.7849088613269146,7.539836836501733,261,582,391.0698924731183,1565.944517749459,0.5355332334703043,1.7940154541804514,462,1148,742.1451612903226,8028.257699920136,0.6619790969073168,1.4708942144306736,297,717,476.5741935483871,3046.541852147644,0.5391436732162889,1.41150250008039,213.0,6090_3_0
236,264,249.09569892473118,11.22979848837344,0.591821310955587,2.3328095729102376,197,259,221.11612903225807,34.569922566755785,0.5452688709817493,4.263950159460768,222,352,290.38709677419354,188.03514010903157,-0.8375444673736118,2.3308909728851814,190,363,271.1967741935484,329.38965589082943,-0.4540520587577937,2.0064877330193234,152,336,222.68172043010753,397.64455247288674,0.18398189545502291,1.9496427634892584,236,492,401.547311827957,1173.206047663692,-0.8452668667343982,1.7070324680606621,462,1024,759.3870967741935,5908.726205771033,-0.07561572148165557,0.8347164073441102,277,662,488.60967741935485,2342.2274627591237,-0.20348326231987016,1.1153259553332768,214.0,6090_3_0
240,304,249.48924731182797,29.901391252011067,4.658441129740171,32.8003928824362,204,311,222.09569892473118,82.07156382744772,4.360104225541448,29.58834271419071,240,443,292.9505376344086,345.46149056101484,2.254885074008411,13.359990172280607,210,502,273.2795698924731,699.6591085338611,3.2387760191174526,20.09312040948756,168,488,223.16344086021505,901.4953250691575,3.924203570431055,24.323118594000288,257,527,409.4032258064516,1251.500312510851,-0.25922438736579256,0.85777171547744,464,1126,783.1913978494624,6496.652240239823,0.13393805382734358,0.8686888719087782,308,692,502.5989247311828,2521.4094713936825,0.010486012268758359,0.9449454026232162,215.0,6090_3_0
237,275,249.0741935483871,26.13765408521129,0.9139515481793249,1.9650130054527288,197,261,219.61827956989248,88.87135548688035,0.8566748502250642,1.3729699627127916,218,355,277.93870967741935,512.3934407444702,-0.026840160997536833,0.057718667756030406,190,387,258.2935483870968,920.0891940692386,0.6791926033875245,0.8684232273695804,152,366,213.56666666666666,1177.208144958737,1.2204842076715847,1.6744325351536746,179,478,349.9204301075269,4811.395168813731,-0.7271421751249345,-0.3791349640730157,283,1057,645.5440860215053,29003.828517193884,-0.4769974498107383,-0.40512531855672407,151,652,409.8247311827957,12536.837923770501,-0.641714256377213,-0.2845220139815865,216.0,6090_3_0
237,264,246.85806451612902,17.183277197124898,0.675450504536394,1.345324943855812,199,248,215.51612903225808,52.872183061911876,0.7715091196164593,1.1748704585100187,220,331,274.66021505376347,358.9307082421844,-0.06867178164446223,0.059540537615118794,188,354,247.31612903225806,525.660988228758,0.782924012372571,1.6103032912410287,152,332,197.5494623655914,628.7343646191417,1.8214286563646318,4.9496767886663955,185,513,385.205376344086,3322.7984640670397,-0.8322780462211833,0.5811412394749147,281,1100,777.7860215053763,23717.729190828384,-0.7580238283506562,0.24072211832304014,160,702,491.1784946236559,9872.103735083394,-0.8677151405169489,0.5435985228743547,217.0,6090_3_0
235,263,248.66129032258064,18.966960658356186,-0.045404047543092636,-0.22338866297742888,198,247,219.26021505376343,61.41553063185063,-0.023021653752163897,-0.38861976662394637,224,361,294.2806451612903,632.5982256328344,-0.14563506679864072,-0.4643541788673491,193,337,261.4956989247312,604.4719943979536,-0.18654666949530246,-0.5273019512014065,154,324,202.3258064516129,369.4513246987743,0.4607566849328188,2.3654078383389727,246,592,444.86344086021506,3440.0943562855196,-0.5778077886316136,0.4077478751898025,467,1242,937.4311827956989,19239.522169751268,-0.5021184108435615,0.23282398751852407,292,784,591.5204301075269,7290.64597613343,-0.5838232886758519,0.4085693141224618,218.0,6090_3_0
236,270,248.34301075268817,20.277265414308367,0.9067291988326547,2.9300029556216787,198,253,219.06451612903226,65.1346921768117,0.6314564757168522,1.6888793250268934,226,348,289.9741935483871,454.0940588214869,-0.13412668309703957,-0.21434678348061587,189,375,260.68064516129033,595.4490329525331,0.6242761786400559,2.2629451574056816,150,355,205.03763440860214,658.1116068844984,2.016962525744401,7.3772867911021045,230,558,429.51827956989246,3276.202571848559,-0.2493210896383843,-0.20521167514986471,471,1270,889.6709677419354,23793.609597555474,0.04816753648923721,-0.495067929284041,291,818,566.1559139784946,9329.115600078707,-0.007321838753642322,-0.5150174466393991,219.0,6090_3_0
238,273,248.31935483870967,15.687999583318865,1.4027318332446386,5.8975054161915,203,265,218.9258064516129,44.936362373693534,1.4293873164685558,5.9669652468823,232,349,284.60430107526884,196.09083185758763,0.20943287702877011,1.9639063895006306,201,371,259.18817204301075,359.2272011759668,0.8155399874262614,3.5188034901883736,160,347,208.4978494623656,460.37082421843354,1.3400497306769408,5.045932094271599,248,487,403.8365591397849,827.3338611294373,-0.38347282705262636,1.9273226521316627,493,1057,808.4430107526882,6586.154445177494,0.47557132322600904,0.6620607280844166,345,673,515.6225806451613,2482.762675787353,0.35675072438151273,0.46549010706253835,220.0,6090_3_0
242,263,250.28709677419354,11.550425361991737,0.19400139664896615,-0.19157779932648733,207,242,223.5494623655914,36.31240552333993,0.008139216307458843,-0.6261095674075889,254,325,295.56666666666666,153.43419447434513,-0.34167085488065796,-0.552603683411804,226,320,273.8698924731183,286.4297707096311,-0.19051946666622255,-0.702041925716943,181,284,222.86236559139786,371.72484692755535,0.039683200034001755,-0.8040347889714563,314,494,414.5774193548387,560.7631063578597,-0.3261949377045457,0.7340915626117464,607,1060,807.7505376344086,4041.672900679422,0.6302870719347045,1.2783793526471285,381,660,515.347311827957,1519.2581466949084,0.6156292300906195,1.551512209612108,221.0,6090_3_0
240,261,250.68387096774194,14.156144310566338,-0.005749298207947663,0.04076605563613089,207,241,223.40322580645162,37.44649119761103,-0.18943014900303112,-0.41875088315836306,247,323,293.6709677419355,196.78936074169246,-0.7596221173844476,0.25878788832825883,215,316,270.72903225806454,343.3732143477204,-0.4943665282660035,-0.31332670040184274,173,281,219.7698924731183,405.6929569313749,-0.052053035346736026,-0.658952828070579,282,487,409.0376344086022,833.691800641226,-0.6721371619103568,1.5860299979603223,559,1061,807.2731182795699,6044.1772098568235,0.18134315936888215,0.2441409706629427,355,670,514.2010752688172,2364.50312047872,0.167641709260865,0.2953669303497266,222.0,6090_3_0
242,267,252.33010752688173,14.363462851719385,-0.009951280090503674,0.11815084516704877,208,248,225.8741935483871,42.18114170630924,-0.1252346950376471,-0.3192725403704486,259,350,300.85913978494625,195.81974952834008,-0.3072407585495398,-0.01896170092597904,224,341,277.60215053763443,327.49708901929466,-0.2967334270444846,-0.2662002120600069,178,305,224.98924731182797,388.3464935125062,0.03710982043163858,-0.38640768234715006,310,532,422.7440860215054,880.8859983564245,0.16370915615075432,0.6546607385631695,601,1139,830.0279569892473,6446.156375800086,0.4221136720001304,0.02638318780876414,403,678,527.941935483871,2443.1849994791482,0.47461317418935145,-0.009626787952671023,223.0,6090_3_0
242,262,252.0489844683393,12.69018138372977,-0.09928814749219213,-0.24974116030745597,210,242,226.31541218637992,35.00565930956423,-0.2553562875140496,-0.4837467955016659,262,368,307.52449223416966,210.61811950861184,-0.21462531678246938,0.8403883314037772,229,340,282.7132616487455,286.53969233935277,-0.43683472276120555,0.08049198273813873,179,274,225.93070489844683,297.9999771341028,-0.012055636069256475,-0.44105978774290966,332,581,445.3739545997611,1389.4233878113337,0.17564771588226233,0.393025948265457,645,1185,877.9307048984468,8991.87318287573,0.3354779922095106,-0.20687932637280904,393,743,555.7395459976105,3460.9560060137305,0.2705599327475252,-0.2824042705217411,224.0,6090_3_0
240,261,252.7311827956989,8.554139611329099,-0.04069021970750024,0.10963144079341847,213,247,230.44731182795698,27.76309825572648,0.10102365499928737,0.02660809302801237,267,373,311.51505376344085,118.82054816718173,0.2533757238665879,2.135841822944678,240,364,301.7193548387097,255.50242369526723,0.05291084532088749,0.423672975479628,184,333,258.705376344086,452.7699387710221,0.15415974518961087,-0.06339742378706648,356,551,443.78602150537637,498.9821510006135,0.40363998089803155,1.3466091322929286,671,1066,835.3731182795699,3495.4289859601604,0.25226948559967527,0.15388999793799485,451,659,537.4010752688172,1226.9250795745222,0.2719704729256142,0.02371420744032582,225.0,6090_3_0
241,287,255.6440860215054,15.768775536187599,0.7112160843094012,5.545415080894426,208,288,237.20537634408603,56.374352118707826,0.07023516032192977,3.9901182395217596,234,401,320.65806451612906,222.47498871488594,-0.8605353736541538,5.771129798688333,215,453,322.1688172043011,563.4321805155272,-0.4895623996897955,3.306327707818011,175,427,290.6784946236559,1045.1785467087977,-0.26142092279237367,1.3093984873500348,255,550,441.13440860215053,853.6083949674178,-0.6669195243210061,6.75063266143143,452,1237,802.0344086021505,6801.925617787655,1.4369974643324497,6.131926781190176,270,764,522.1838709677419,2343.691666377305,1.1173077833305818,6.8894028467928035,226.0,6090_3_0
239,292,258.794623655914,22.057882796856372,0.4666893516159823,7.149890058752586,205,294,244.17634408602152,85.75788974154194,-0.7121407556524381,5.1242090079940965,227,427,331.7956989247312,348.2316284130236,-1.1171305404517697,8.126081147254595,205,489,343.6763440860215,840.3526152528444,-1.0576041501994318,5.79864477281666,167,485,320.7591397849462,1374.975293123604,-0.960781890711413,3.2716325120146967,251,593,444.9161290322581,857.9649710059376,-0.7903812803391135,13.167000207792121,432,1361,780.1602150537634,6856.9807620634965,2.595095918504711,14.050723098212998,273,864,509.26989247311826,2602.7483928840124,2.136610749029935,13.740096382862255,227.0,6090_3_0
237,266,256.794623655914,11.799540493304166,-0.9025117505818329,2.7685368233525365,203,260,239.65376344086022,48.02423232288158,-1.2184967857996873,3.967928718211531,236,391,328.5010752688172,232.7820225239302,-1.4322010923364097,6.800578748680781,217,408,329.98817204301076,532.549913770154,-1.230531618865804,3.765649969914069,177,378,296.8311827956989,905.8885852518026,-0.7382600971451333,1.6456437343296688,236,596,458.31827956989247,784.9427225482366,-1.0673411951147556,10.945712104334257,409,1219,827.7451612903226,5611.2729851730965,0.8009531609060814,5.257577230035588,274,749,537.2021505376345,1877.571577716819,0.5050389203306214,5.0705076923939245,228.0,6090_3_0
247,265,256.84193548387094,9.24409528108615,-0.3150281429404422,0.19141014554507407,219,255,240.01827956989248,31.6326041413475,-0.5449263005746088,0.38604841556542846,288,387,329.31290322580645,135.1603284836279,-0.2767724233264017,1.2696734203670745,265,378,333.5032258064516,331.2707107885691,-0.7906295665729245,0.8927524357417354,219,366,302.8204301075269,597.6178814079193,-0.694661958511631,0.5329078986561506,391,553,453.51075268817203,395.62797898075155,0.7779740616515611,1.7581593591411036,697,1072,802.7290322580645,3349.455022743845,1.2462003908475108,2.008153106036536,449,676,523.3774193548387,1198.047928747526,1.1307834114591269,1.6382090134602727,229.0,6090_3_0
248,267,256.73333333333335,8.456261212773592,-0.02757808381702398,-0.06464265912537526,222,258,241.09354838709677,31.165620334039385,-0.2060544748015893,-0.16828096815292692,297,385,335.3784946236559,192.12999988425526,0.24349888071038686,0.47139482082923223,271,391,339.9967741935484,331.76209937845067,-0.3870277020733106,0.26495160159555864,220,382,304.5236559139785,556.7147250483235,-0.08384845957249136,-0.08024501326839895,416,576,467.9569892473118,708.5062212808316,0.8681658775341604,0.8396193492039181,693,1037,828.9623655913979,3163.4786682407953,0.46012994053935136,0.22162946898119928,461,674,538.4903225806452,1054.575256085281,0.4425518640002573,0.3682097157393498,230.0,6090_3_0
246,282,257.6311827956989,11.24272949292221,0.47940422512871184,3.6609654607387956,218,279,242.05698924731183,41.03550007523409,-0.2490833788498946,1.5294335191929305,257,399,332.7505376344086,162.038885609454,-0.2171693799954678,2.7470111402559034,249,449,339.9129032258065,435.5822875794299,-0.4723624279428516,1.6349607121540641,206,457,311.4129032258065,903.8551616375569,-0.4444528138967108,0.54383020542743,318,570,456.3505376344086,642.3463129506813,0.6673723486418701,2.2176795993689637,614,1215,800.2408602150538,5495.817058462678,1.4111951718056772,3.565319196801667,403,751,520.6225806451613,1934.269672558075,1.4423378942238143,3.6717744028790493,231.0,6090_3_0
247,287,259.34086021505374,16.88584210099888,0.8618315487173345,4.724650651803375,217,280,244.7720430107527,58.57876546639352,0.06930093787289092,2.210849804563537,278,392,333.43225806451613,182.44373762977878,0.06908008079049618,2.6737441218778617,250,455,345.26881720430106,567.8738382119749,-0.14181489587493593,2.03477082166391,203,443,322.38817204301074,1073.6823142007245,-0.4325635304970499,1.003180047545973,352,521,445.56344086021505,291.5422572543028,0.02566092860695941,3.714704744153866,612,1016,763.0559139784946,1986.6836302186416,1.6734354041828776,4.991951347750826,408,653,496.3516129032258,640.8159554151185,1.3863396340325862,3.852122648628458,232.0,6090_3_0
245,301,258.1731182795699,22.029201245413617,3.3096555734774675,26.135616105293273,220,315,242.56129032258065,86.18622868849612,1.8325699573667393,13.037199177978728,294,479,329.19247311827957,241.91232218711298,3.439131689448299,26.932523666340973,263,543,339.01290322580644,845.627389839925,1.3184485605747807,9.317475806503905,212,563,316.08924731182793,1666.9231350625598,0.36437490464767563,3.2781723160145635,396,602,446.26666666666665,464.4454969501256,1.8663885126379491,7.190107063750949,657,1063,778.3150537634409,4731.957684873318,1.3439701786664089,1.5973881017585363,443,668,506.7408602150538,1525.3116763313542,1.3539505648647647,1.7961404951717173,233.0,6090_3_0
239,295,257.34086021505374,21.779275900783592,0.7297683616327608,7.870633654416279,205,298,242.21612903225807,84.15883537622834,-0.3982386494298923,3.806885365584166,236,419,327.6236559139785,328.9604731645774,-1.4202318405168672,6.595288995239809,214,487,337.8311827956989,910.7389620009953,-0.8919330416356369,2.6968264477857478,175,463,315.1258064516129,1646.4222611896248,-0.8637093479042111,0.9685898626335065,229,548,442.76666666666665,1001.3803731611051,-2.452117614472239,13.692817056393384,379,1131,784.9290322580645,7228.64511962221,0.4873492891153997,4.357819643409491,240,711,512.4451612903226,2701.005062675787,0.026956250400222585,5.6979403655798,234.0,6090_3_0
247,266,257.6505376344086,7.9111138118221715,-0.08403846881374057,0.047073196921760374,221,261,243.52903225806452,31.319393034480367,-0.3256265526866238,0.8492681648562685,288,368,333.0795698924731,131.67288679005057,-0.23623385915095763,0.4006940881165999,277,387,345.81827956989247,277.9206558098082,-0.7156981134524182,1.0773533389461925,245,380,324.2021505376344,496.5382085026101,-0.6476104765089036,0.8642565082413625,396,528,448.0311827956989,486.865549729736,0.3807903751574373,0.023549736154218515,666,948,773.4612903225807,2412.0528594742873,0.6574080931235325,0.2586345290335941,438,621,506.31505376344086,876.0696332048566,0.4997742460050003,0.009412174352328329,235.0,6090_3_0
245,265,255.90752688172043,9.47260205794183,-0.3751020699726172,0.3033445153082157,216,261,239.21075268817205,37.71656886234476,-0.49440680876094806,0.5768610468441824,266,381,327.1204301075269,202.0586779633552,-0.15254797054399544,1.3816073842276388,248,383,331.26989247311826,399.7365521950993,-0.9581764170956724,1.555026501631323,196,364,300.1559139784946,664.041326666435,-0.9054037502812198,1.2601331402063574,334,580,448.68924731182796,696.3995613273609,0.44248133844746973,1.8938720187634503,641,1034,796.6258064516129,3614.085877981874,0.8572758828107095,1.1369682192558974,403,660,517.8172043010753,1223.6220933597233,0.8458818679924063,1.3002058367914628,236.0,6090_3_0
242,277,253.95698924731184,15.00783592022871,0.2344259117197279,1.5190960707987813,209,273,234.43870967741935,74.7718045765478,-0.26725506463292403,0.11777272782322035,254,394,319.6967741935484,365.5936386680093,-0.23340079182786366,0.9594914711899789,227,410,317.51720430107525,893.6148813037488,-0.6385343215746826,0.010326178528007102,177,388,278.68602150537635,1513.34372258296,-0.5509282708669807,-0.5366016172237034,322,616,447.4032258064516,1069.067589152401,0.344028121243638,2.3187662170323433,624,1210,814.0763440860215,5248.576511915923,0.9845350038552394,2.222969928562514,411,722,527.4225806451612,1726.3217715892913,0.8199347426366586,1.5998995162146672,237.0,6090_3_0
241,291,252.13333333333333,33.72386078220308,1.5873346655170102,4.535157595073854,206,297,227.53763440860214,119.31881894047247,1.3747448848419528,3.4444312004151705,244,423,307.7569892473118,654.6642406565043,0.7054876348366739,0.847000336444323,210,482,288.9139784946237,1081.0733243052423,0.9569479102091408,1.900920421567979,164,467,235.7978494623656,1337.4079609245691,1.4261685138126503,3.5677994152390387,269,608,435.31935483870967,2494.8074828987114,0.37219513893561135,0.5473667882287563,498,1165,835.9483870967742,12608.735761658392,0.33547951555873473,-0.042267883215843405,326,765,537.663440860215,4984.191234649352,0.3338052212410425,0.17647116164100884,238.0,6090_3_0
242,275,251.3247311827957,25.444489970716575,1.5935529537571287,3.5583372972107945,209,266,225.88172043010752,72.02474622961446,1.3347355246637425,2.8377235134822483,249,368,300.3763440860215,309.24680255101447,0.12098154764051634,0.3635122403827866,219,395,285.9258064516129,660.3981492412931,0.6127530275378475,1.2658822812733632,182,377,238.28279569892473,921.1998113360418,1.152322425073376,2.1843545865154574,299,510,405.85806451612905,1223.2801555609572,-0.0542688508892422,0.1442283173149188,517,1000,749.505376344086,5760.308367188676,0.12528048553703247,-0.19031616872980361,332,620,481.72688172043013,2192.0501915575774,-0.004885650191549194,-0.005133380813335364,239.0,6090_3_0
238,261,247.7709677419355,10.953946317580472,0.4596365718136047,0.7230954934479912,203,243,218.60860215053762,32.52694422260032,0.38979903573202485,0.6433533237464881,234,327,284.01397849462364,221.8996967487297,-0.13847766302222006,0.3624005143106537,206,330,260.0741935483871,344.8588596826279,-0.021331445652600606,0.12787509310195233,161,309,208.4806451612903,385.7439737490885,0.6878217580797984,1.169765432796968,252,523,393.03333333333336,1503.715787585217,-0.1509819218629313,0.8734184654939905,458,1076,763.2677419354839,7995.98959338866,0.2049274504877741,0.4017869744086111,290,673,489.6333333333333,3147.7846788661645,0.08720230198865427,0.4576475425511237,240.0,6090_3_0
237,290,249.4795698924731,42.236934152806235,2.191072535834504,7.2475336892051665,199,287,221.80967741935484,120.75706448140559,2.1291895985498055,6.961753984557179,227,411,294.61075268817206,508.0140930819357,0.9149042172006228,3.1005490838604137,192,456,271.89462365591396,1044.712242323229,1.9384653871809439,6.554800797474831,153,446,218.91075268817204,1473.5754493790294,2.551263742277836,8.549434569683505,238,535,405.03440860215056,2204.00312047872,-0.13985900468889148,0.6664998197355523,432,1058,774.8924731182796,11930.817273747929,0.21057767917227854,0.020612351759868197,280,667,494.68817204301075,4222.936027871338,0.09220021426163602,0.31760602411424266,241.0,6090_3_0
236,264,247.605376344086,14.936677199439796,0.12607793024893954,0.9757336275557646,197,250,217.66989247311827,42.393602787133815,0.11274305421867081,1.1790423614636039,222,332,283.40860215053766,313.2020787758834,-0.4833528362909979,0.6000060922287078,196,338,257.447311827957,414.6263921200968,-0.201663943252164,0.2647149520082275,153,303,205.41935483870967,451.61081982013263,0.5712604182640095,0.9644986566400235,230,538,406.71720430107524,2348.2288748451915,-0.6628172419667481,1.0906837395029942,413,1189,815.2462365591398,13213.425846962278,-0.34041837571700717,0.7645824430487971,260,744,521.847311827957,5182.064928180377,-0.5004098805110309,1.026086312714666,242.0,6090_3_0
235,275,248.6279569892473,25.29092908318576,0.8968897431598132,2.3940598962017186,197,265,218.9247311827957,78.3172563862171,0.8149331717792265,2.1637327868226306,221,362,282.21612903225804,444.5678773568526,0.0886893570351276,0.21301595966994613,190,382,258.541935483871,670.2958713844231,0.6931323025618915,1.856579037087216,156,354,209.0010752688172,803.7814843107979,1.4244397082421594,3.487296412061238,186,524,378.4258064516129,4361.09944095281,-0.69157645777808,-0.1631551382300338,286,1123,730.674193548387,30766.194058821486,-0.6545260916880912,-0.1510055836485491,178,706,466.3301075268817,13726.936121624592,-0.8189635513613917,0.13572232922724936,243.0,6090_3_0
237,261,248.1720430107527,18.21579452990266,0.08945038126152835,-0.21751481529657424,197,239,218.46236559139786,57.68910957556397,-0.027128299629007768,-0.3566451194070206,224,339,284.15806451612906,431.6337615889441,-0.27884602157256216,0.21919606640641298,194,305,255.08602150537635,437.0970056830677,-0.3530844771855932,0.07587806638245587,154,246,201.28924731182795,304.64283366320586,-0.18675519876909322,-0.40653765604521697,202,526,401.86451612903227,3785.9385673113647,-1.0134383438738914,0.8355344104072966,324,1179,816.5817204301076,25522.06274407676,-0.8696554191005385,0.7658242720152195,179,749,517.2075268817205,11465.320718311976,-1.0183089944766757,0.939400795432169,244.0,6090_3_0
233,262,249.26774193548388,20.835664432792807,0.04622129032623382,-0.07118871772049218,196,244,220.33655913978495,65.59489449865157,-0.06060304038387301,-0.049218178363527265,222,355,290.4978494623656,533.492460386356,-0.2864678299200175,0.1590363612298118,194,342,260.01182795698924,536.8082560737064,-0.18074358453517864,0.4095224384989775,153,320,204.3483870967742,486.8967950276051,1.4119706427152092,5.275170271151703,217,567,426.22903225806454,4291.315625542553,-0.7344188852038669,0.2818399089997081,377,1325,899.7569892473118,33255.24120513444,-0.49325098565646125,-0.0655533929387273,232,834,574.4989247311828,13149.798168917903,-0.5308369098082294,-0.04970748425179394,245.0,6090_3_0
238,273,249.29032258064515,26.591617764505717,0.7816729133040794,0.8383063146016578,201,260,219.77849462365592,80.40082873247916,0.8076013655869425,0.7791336666325734,228,346,282.85698924731184,337.5005162216281,0.04938114377580859,0.21683631808481785,193,369,260.26344086021504,759.9359063393405,0.846020518873464,1.0461124008528078,156,352,213.41720430107526,1124.8139125201108,1.2070607251389436,1.4968438612216382,211,529,387.6989247311828,2291.588481081519,-0.28457912848197925,0.4409284548645842,396,1206,763.5655913978495,17854.381591953425,-0.08558644658093892,-0.2926804887565906,226,735,488.5301075268817,6649.49155757723,-0.21854978255111887,-0.19951476058609208,246.0,6090_3_0
238,284,249.21505376344086,32.192668726923394,1.836933127942955,6.161377247796176,199,287,219.86666666666667,111.59684248295657,2.376324282847822,9.732953467733092,228,417,285.21397849462363,437.6775223676748,1.6120005213829918,7.825330717690189,197,445,259.9752688172043,847.0144576779286,2.2529357306529696,9.49850896008747,156,394,209.3709677419355,1034.8686933574081,2.2160937766005513,7.124411536847468,228,533,398.1236559139785,1700.3302255865365,-0.4286337378932176,0.46661654015365084,477,1175,794.1709677419354,14095.717778395083,-0.3277502984286673,-0.08959721614449112,249,742,505.61075268817206,5901.648108151902,-0.5374781429829143,0.30879942186935727,247.0,6090_3_0
235,270,248.06989247311827,30.65926478928667,0.7791319085819486,0.8652606126057432,195,254,218.30430107526882,101.13550354757689,0.7784797337190985,0.5743316276164023,215,350,278.9462365591398,468.8539416877901,-0.19984570257271844,0.16897858632409513,186,385,256.094623655914,972.1438892554139,0.8259985086794899,1.3446773144068924,148,378,208.95913978494625,1306.6420315520215,1.4095119244828487,2.306163141330023,208,526,381.51397849462364,2655.922839913423,-0.7518808328786447,0.6988387635627591,341,1176,759.1139784946237,19406.7577161244,-0.3389526190766996,-0.02724694678416828,196,733,482.0268817204301,7683.3265101797515,-0.48416063057844394,0.3573638882904544,248.0,6090_3_0
239,265,249.92688172043012,14.694325034434067,0.11412458199588905,-0.0334323092554083,200,245,222.1236559139785,40.94594141000266,0.1156223314634324,-0.07296966801074944,231,332,291.36344086021506,199.41566952556227,-0.610660430654555,0.7667896176912574,211,328,267.9193548387097,336.7652869891316,-0.1183562568726109,-0.07731506765637297,165,287,216.81075268817204,424.56479275900784,0.33935617369665394,-0.4022956493236225,260,491,403.1688172043011,934.8875088255378,-0.703545324692512,1.1511702395841645,451,1017,786.9591397849463,6309.591439517576,-0.013891008683039585,0.09835686893772078,299,655,502.5397849462366,2392.483345486533,-0.10939388072049148,0.12878895271665325,249.0,6090_3_0
240,260,251.83978494623656,12.052882623239233,-0.6027760359250012,0.28977795124963235,204,239,225.7505376344086,34.28646365035823,-0.5941238442694852,0.06077264560288498,246,333,301.0462365591398,149.40690186001828,-0.5660659445920523,0.5684952155565766,215,314,279.38602150537633,258.9218711297846,-0.6924562856866516,0.08737399545361413,167,274,228.07849462365593,352.38888040093985,-0.5013455031583749,-0.368054148920935,312,514,422.35913978494625,844.4629142215587,0.045917903798167695,-0.03829222619422801,614,1158,824.4913978494624,7191.43856962626,0.4121085448185381,-0.20795100582320458,309,722,524.7107526881721,2700.2445559452294,0.3256524790208423,0.013524159528886859,250.0,6090_3_0
242,264,251.18279569892474,9.38527958146695,0.11495827963370604,0.35761845443479956,206,241,225.11505376344087,25.41301318332812,-0.07765600487030755,0.2751245742035504,244,348,303.9301075268817,166.116745951827,-0.1759517872667925,1.297522520327818,210,321,279.5440860215054,213.1159230065859,-0.5185169162165914,0.9374825862685983,170,282,223.8548387096774,239.8680336122782,0.08865889190455467,0.4342312769646548,293,543,433.90967741935486,1132.5171290669816,0.2995746288568667,0.9098414701741184,590,1121,851.7258064516129,7836.037761727837,0.4902320248705671,-0.023174023596387094,367,708,540.2129032258065,2811.3798117990204,0.42847190636232,0.11476892573831599,251.0,6090_3_0
239,261,251.30346475507767,11.032200899773057,-0.10915697893234345,0.4648619122372031,203,241,225.95698924731184,34.28283685753974,-0.46661079213517653,0.43342043987203827,237,370,309.8817204301075,324.81972526624475,-0.40019720964779193,1.532294631502328,214,337,283.2915173237754,359.44601647487895,-0.6712302751675134,0.8479220934032399,168,263,223.96176821983275,291.9626514151132,-0.5009878366640251,-0.053268683585034005,272,587,451.3715651135006,1664.6356976671068,-0.165621730368924,1.3383608142903656,545,1226,901.3811230585424,9735.109356153498,0.16489357498906482,0.46707493995450555,338,759,569.7610513739546,3681.995466835874,0.11808625822894935,0.42552087057475907,252.0,6090_3_0
237,263,251.80860215053764,10.553209023461463,-0.7174663613287489,1.861586817394297,203,249,228.57096774193548,38.953515747074555,-0.9699547188399872,2.563159984598479,222,366,307.241935483871,278.4914580367374,-1.7233261810116167,7.499630841633913,200,368,298.81935483870967,499.84677245737697,-1.4143236456458916,3.9804237986421027,164,322,256.0,671.8127018299247,-0.7821064426067817,1.0275486916258885,225,563,434.31935483870967,1585.6923052883783,-1.7498215080912392,7.982422692036222,421,1186,812.8849462365591,9228.048104679561,-0.42256961797543025,2.849556036302606,250,748,527.8204301075269,3445.8180966931723,-0.8425560877283754,4.386828269147783,253.0,6090_3_0
244,302,255.88709677419354,39.55989791312198,3.6542664797243893,19.860293587938184,212,319,237.50537634408602,111.49028322742687,3.1368488828551992,16.286845602906297,276,472,328.4043010752688,504.35304929569315,2.305350149852144,8.208819097948751,249,559,326.6709677419355,894.1607278030485,3.012692511450494,15.227269211353885,196,554,286.10967741935485,1389.6994756762388,2.421390517404671,11.956423754546954,375,682,461.5978494623656,2021.8273365973355,1.4450964790368883,2.8084934506306443,645,1286,840.9322580645161,11679.051380256262,1.3029858708706619,1.8503329274019666,445,812,545.2344086021506,4160.416468164404,1.3901643663786114,2.01964292435684,254.0,6090_3_0
247,287,256.747311827957,16.578706436566087,1.6493364264478971,8.735468773325243,220,284,239.13118279569892,61.71151313124298,0.8785145502590456,3.5249830289783723,289,402,328.5795698924731,160.28698797411948,0.5713429504466903,2.957365200913589,265,439,328.5505376344086,502.2972279130062,0.31348486415140786,1.6874966712050812,213,435,294.4290322580645,1040.7274662314665,0.13899285564201128,0.44967138378167215,398,550,460.88709677419354,534.7009097538108,0.9637658578638101,1.526771042219102,699,1103,833.9451612903226,4878.499680544463,0.9623576108055829,0.8135939508263599,458,701,540.6559139784946,1665.748000509277,0.8540643455450615,0.7258289425569537,255.0,6090_3_0
248,269,258.72903225806454,11.002923712628908,-0.182195918035899,0.12755337193484717,223,259,244.15591397849462,45.287828281074574,-0.6303700731575805,0.1432420146106077,291,366,333.8301075268817,106.57605703901756,-0.5628181670429565,0.7599926341759655,274,384,344.03548387096777,420.092388624605,-0.8239151909666905,0.28841283041462473,220,386,321.4956989247312,1006.7863108672755,-0.7640924642519535,0.044032889987037915,397,532,455.76344086021504,358.2690602682964,0.8477834358366501,1.3545465066750584,682,1064,801.947311827957,3858.872355521604,1.169139489111552,1.3277227456011058,460,667,523.7870967741935,1287.298003402896,1.1054473593957228,1.120068442892002,256.0,6090_3_0
250,269,259.14408602150536,9.333361112075652,-0.1361560667394264,-0.0009888651567817597,225,265,245.0236559139785,30.029579730777684,-0.42387712557046486,0.40399457498646996,304,366,333.5537634408602,79.33456601502367,0.09017556051284852,0.3963786698257574,298,408,347.03333333333336,227.7330104054539,-0.4119312955766334,0.49538291684840985,247,412,326.16129032258067,521.2075419285392,-0.5301716113995995,0.3860255137100155,399,519,442.7043010752688,405.5454066692131,0.37616859663536795,-0.033255634530501954,656,948,757.7064516129033,2521.16131462898,0.5397947486534338,0.40715713915116813,433,609,497.01720430107525,884.1051934673657,0.5007778156718597,0.5602741415083998,257.0,6090_3_0
246,267,257.494623655914,7.8153639593967394,-0.1359600314817131,0.6781821511133836,217,259,242.7247311827957,29.96504971237427,-0.33494180930636513,0.7279277484598223,281,405,338.93225806451613,209.99648251675404,0.5246184786897553,1.6097165332476644,270,403,344.64086021505375,303.76969570702687,-0.43035126662763296,1.0841853141130517,221,373,310.4559139784946,610.0524138569625,-0.36317009789302873,-0.039023608978236535,380,624,471.30645161290323,1119.8209486440503,0.9149400890894857,1.4293623408289475,661,1157,832.2064516129033,6075.106955102608,1.08272749951777,2.1290443376151256,435,757,538.8645161290323,1994.8169311434426,1.0993361073481513,2.8723648330896765,258.0,6090_3_0
244,278,258.06666666666666,11.795335486185863,0.20530085241585583,3.4311746093309443,206,281,244.44516129032257,45.198819403451516,-0.9066345045097425,5.713308963208261,246,425,337.48172043010754,339.9614523652441,0.3055704980066726,4.651409968938348,218,443,350.458064516129,522.4551824716136,-1.4900793887814405,5.746265056857913,181,438,327.0387096774194,1035.6282093128234,-1.144512530980491,2.3065104251630997,278,649,456.6247311827957,1781.7180098846025,1.2579489115763942,3.550342770827201,508,1214,789.6387096774193,9187.570082294524,1.3668042414094514,1.7305250420764615,314,725,516.0193548387097,3214.5399909719085,1.192668520706117,1.541777721273962,259.0,6090_3_0
249,286,259.18494623655914,13.39525214995891,1.901457964530588,10.372562999648606,226,293,244.71182795698925,39.202120443996904,1.6881658654726421,8.953396988441161,301,413,329.98602150537636,157.4239163396877,1.4245164140527486,5.279412430553148,287,468,344.1967741935484,401.14853640751414,1.0304561567954136,3.928669950240538,244,470,325.9483870967742,658.7120802805651,0.4549476105528159,1.9475065632740387,383,502,430.73440860215055,367.65920228711644,0.22023195893257513,0.05647471640912727,627,880,727.7043010752689,1615.8597231385347,0.3817481770288298,0.33245220818494303,411,573,476.5752688172043,646.666556709145,0.2369484530237172,-0.05776692675348993,260.0,6090_3_0
247,285,258.9193548387097,17.699624986978716,0.3825816195831962,2.079933714797648,220,281,242.48387096774192,63.85818952046946,0.13716546092331539,0.5265194534525515,281,405,327.51612903225805,142.00243063995276,0.8459139328988825,4.670101564770755,265,489,334.93655913978495,550.6407502575321,0.36346668022856315,2.6953896029287234,211,485,308.5311827956989,1223.041545424031,0.004797197414073099,0.6975165270740504,356,533,439.40860215053766,551.0858247392849,0.38283653671272405,0.42977357142311945,634,999,760.6172043010753,4823.446420593307,0.6998795924936779,0.15943954197953136,418,654,492.8279569892473,1761.4838246698382,0.7052319520581689,0.25807546912775914,261.0,6090_3_0
246,290,257.90967741935486,18.476224868919058,1.7218338998959715,9.347474615795553,221,299,241.30752688172043,64.36603585772654,1.0894473016073056,5.641878847395999,278,437,326.2408602150538,188.9494588932486,1.508708273411462,9.252601628865275,255,514,333.36129032258066,636.4699746518976,0.9373615506336622,5.298283558743661,216,516,307.1279569892473,1225.6832864567057,0.3354552807085626,1.6878645536863779,381,550,441.6193548387097,500.830195492899,1.0992372323347444,1.905480005286094,630,1053,773.3559139784946,4583.37480352327,1.1925822253221567,1.367463820744062,420,665,503.2483870967742,1601.743404284871,1.2059184530845979,1.510529614618246,262.0,6090_3_0
246,266,258.2021505376344,11.119478685602509,-0.45609491376384886,0.18205061937881784,217,261,242.76559139784945,49.38309895019504,-0.7975790159474182,0.9321500180588771,272,366,329.4010752688172,156.3459622440594,-0.9267044790745583,2.0167258803584476,252,387,338.77311827956987,513.3316770258227,-0.9794361011737532,1.1929166800931723,205,380,315.80752688172043,1031.944614975057,-0.9084344563628457,0.6283709774954596,355,516,441.5064516129032,343.61083023716105,0.025969189505971737,2.7029847112149454,632,1021,770.0193548387097,3372.6067294003265,1.3995128550272282,2.1857210089414236,431,660,502.7881720430108,1175.5492679143952,1.2990534880769558,2.060159109193343,263.0,6090_3_0
246,267,257.5311827956989,10.122277393890991,-0.049443919913081905,-0.053560198021942895,222,258,242.06666666666666,41.530534625044844,-0.2506142737722819,-0.2429754145581322,286,380,331.4612903225806,192.82788638494392,0.1824496184537994,0.424379795258524,273,386,337.6258064516129,409.3711309420466,-0.32978088071951533,-0.1673895428732357,230,375,310.1698924731183,761.8031829808905,-0.3309416180163954,-0.2494170938808491,392,553,451.4720430107527,594.8178397398059,0.8038281953674881,1.3329195043785802,680,1005,800.0569892473118,3217.6339930784634,0.6863713854514009,0.39399548100733517,446,645,521.7677419354839,1085.9093996319316,0.6713260296947562,0.44560209027108977,264.0,6090_3_0
244,265,254.6440860215054,10.851660358577266,0.06016731937579468,-0.08915766703903039,216,256,235.48172043010752,39.866726853941685,0.17584534798094412,-0.19445411260567402,274,371,323.73333333333335,162.30986724076067,0.15386745733767163,0.18262848924420672,258,374,320.21397849462363,371.62370105443483,-0.03130458701327836,-0.3148361692942996,211,354,280.6505376344086,672.4127284512194,0.06346632819014837,-0.3159698005610818,367,549,461.9193548387097,555.85463036911,0.42929103540523617,0.6393201997643709,701,1069,846.1204301075269,3983.4235864671227,0.5275038761760071,-0.085576101148368,413,676,547.2559139784946,1352.7439100894708,0.40806515381541353,-0.029909663915785423,265.0,6090_3_0
245,307,260.3516129032258,105.88161741727143,1.6037198297607596,2.6993806193432954,213,313,243.08817204301076,261.8974918110583,1.4652324160639352,2.6483931282028994,262,464,332.1634408602151,920.1239580078012,1.340292156176191,2.57010945205057,231,540,339.0064516129032,2272.055932497656,1.2715467516986765,2.333313945032298,185,538,303.9204301075269,3096.3725638621704,1.1459787076014547,2.0630089980662154,316,570,441.3989247311828,1288.1259407155342,-0.025022845893518445,0.5083077634669957,554,999,772.8827956989247,4990.006700464136,0.062144443110560534,0.01210430974560861,352,646,500.77311827956987,1982.3844219127982,-0.042633652252190436,0.06372232635880382,266.0,6090_3_0
236,286,251.57956989247313,51.240701644733036,1.3779976344108225,2.5743676241579028,201,280,224.5268817204301,142.32058983529518,1.327410833744552,2.485780228008087,228,397,295.21827956989245,438.3925610842969,0.7843134893913793,2.174402911197503,202,451,277.76451612903224,1086.1457793673392,1.3461485873290575,3.0390088648413798,154,420,229.7720430107527,1578.5959882866305,1.4284101459007423,2.6142641076370605,242,521,395.0,1439.2551130247577,0.0732364906317405,1.0641088039541522,440,1046,740.3548387096774,9246.644675162332,0.5418558575891895,0.26535558374324353,262,685,476.31827956989247,3453.663928145653,0.40084520503634496,0.6004073011160012,267.0,6090_3_0
235,272,248.18387096774194,24.821913955345675,0.7536299552882727,1.8506392684696298,198,261,218.04301075268816,68.7387293540285,0.7568119321246034,1.9481117336024587,212,349,281.6204301075269,401.4112075650775,-0.1310131635188201,0.2198276603648579,189,372,256.1795698924731,546.5393022905888,0.5665912095080632,1.8546292813252352,150,341,204.8483870967742,555.1750512170562,1.4038685057919096,4.335050452025956,191,518,383.8204301075269,3827.368150514486,-1.0256626913757212,0.7431248254671075,279,1139,746.5752688172043,23829.680550250592,-1.172561815239978,1.275401527081847,164,705,475.5870967741935,10181.872384457794,-1.337467162094497,1.6458598408846479,268.0,6090_3_0
236,281,248.43333333333334,37.9681019016864,1.651277414569791,4.598373636341593,199,278,219.1731182795699,110.99367917867515,1.6948868903261916,4.847744986638049,220,397,282.6215053763441,641.9276317464727,0.8754142014321927,1.685848950183403,197,441,259.43978494623656,1088.793463893422,1.9153829163847784,6.0428477770432725,159,433,210.71827956989247,1343.9786751854813,2.5212332116953835,8.606621317765313,189,598,369.81827956989247,6267.832388856095,-0.47482474047313245,-0.44045179112684796,259,1143,709.0204301075269,42252.172886790046,-0.44783706070971535,-0.5576825814121835,161,735,446.10215053763443,17775.27803627441,-0.5585545269191013,-0.45766649547272875,269.0,6090_3_0
236,274,248.88387096774193,23.747532900447933,0.7244743609725691,2.069888995656428,198,259,219.43763440860215,69.23238191140896,0.4108742996180044,1.0186949825952807,220,369,284.01290322580644,435.08917670752464,0.06009315350764987,1.1073669779935393,190,376,260.51182795698924,628.715145201801,0.4347979518513742,1.6228363504765113,156,344,211.0247311827957,709.4665567091449,0.8984876762326531,2.0680007935280296,209,567,382.16021505376347,4982.474841719041,-0.5375655054650116,0.008621360533084932,276,1175,731.5924731182796,33418.88971723555,-0.4658414168171127,0.045100833457853096,175,740,463.90752688172046,14798.753549313054,-0.6611719628246576,0.22277835866491014,270.0,6090_3_0
237,275,249.61720430107528,36.68646365035823,1.3090125171297105,2.4725472736558567,200,264,221.09462365591398,109.0631572855539,1.1411472374472023,1.7881530104499435,229,365,287.5505376344086,405.91832586779634,0.2972651121080318,1.034767301926954,199,399,267.41182795698927,926.4771473546537,1.096813831379582,2.1952067610116233,164,376,219.51182795698924,1386.0886651156868,1.5198469694915562,2.7372853066856733,202,506,379.03225806451616,2508.291746241189,-0.6990934155920898,1.2612983867923528,299,1069,707.2956989247311,15595.132058983529,-0.39034622182271866,0.7618476047975546,169,665,452.5741935483871,6243.381464634189,-0.7374762413263296,1.65362873219616,271.0,6090_3_0
238,292,251.49462365591398,54.57532090234614,1.5672826163594369,3.6177528431975015,201,292,224.61935483870968,158.01426438418002,1.6046761741883662,3.886837422072909,242,418,293.3709677419355,504.43381714642874,1.2352013569933344,3.4278916308393823,209,457,276.1193548387097,1183.4744366123823,1.4274054627443455,3.333196481975837,169,443,229.75913978494623,1694.8396634142389,1.538562098900686,3.296103817612808,255,502,391.9483870967742,1083.5646098822874,0.04523705895862151,0.6444386867761898,458,1087,740.8376344086022,7659.275008391495,0.6878057044860596,0.9461958582900785,286,685,477.4021505376344,2694.137347361598,0.6350432718563619,1.1608520340238426,272.0,6090_3_0
237,264,250.9752688172043,12.896050788800538,-0.12302629158591141,0.5341356261315808,199,243,223.23440860215055,39.54886859497437,-0.06346958414047127,0.22253943069594317,224,369,297.86129032258066,275.486659259002,0.06776762647473368,1.8582549177546213,198,338,271.10537634408604,304.91461046101136,-0.26105335976953215,1.1192444961612615,156,278,215.30860215053764,271.3782897554313,0.01712635770485953,0.6428670041269622,239,574,435.2795698924731,1539.8248781786406,-0.22410336569485206,1.6496058251955281,442,1207,886.4634408602151,13231.865723346877,0.2466764895203078,0.1641883096342367,267,760,563.6010752688172,4790.720128013704,0.15955213186210493,0.21586337061676497,273.0,6090_3_0
234,262,249.46236559139786,20.240239823142005,-0.1683030594485828,-0.07981890704143169,197,239,220.04516129032257,57.898927046077986,-0.17522946458312466,0.05800139688068651,219,335,289.3827956989247,423.0309200550945,-0.7720604622659778,1.0928682140909993,189,307,257.39569892473116,417.45358750882554,-0.7186427155183739,0.8591423611444804,147,246,200.85698924731182,257.05057004294133,-0.5091149720451282,0.43866508712168617,206,540,432.5838709677419,2777.3196534601893,-1.5493203264749782,3.204517211399306,413,1227,930.6430107526882,16907.15767445629,-1.1229237726441694,2.1897289628602907,273,779,591.4602150537635,7036.289588758869,-1.2134238272957742,2.259792058222768,274.0,6090_3_0
235,261,247.99462365591398,18.233555563271878,0.2136093669911765,0.33000614713321097,197,242,216.92150537634407,55.05195898005717,0.39207250761810397,0.0446040458135859,218,342,284.1720430107527,392.87026169890163,-0.09983078132971536,0.3637419304055296,191,309,251.48817204301076,393.21675984119815,-0.05990552155514317,0.19314975297792047,150,246,195.26236559139784,247.83421183605913,0.21444465036435292,0.048123158279543166,237,545,433.6666666666667,2249.9038392536777,-0.9311946370272138,1.9615889741189116,472,1265,929.6075268817204,13377.717704318437,-0.6640871244995197,1.2340175087781606,297,770,592.0236559139785,5309.609773487507,-0.8123339583606102,1.4834964739336982,275.0,6090_3_0
237,274,252.1247311827957,63.42468372744425,0.43845563284777467,-0.6909802996106844,200,264,225.4741935483871,193.17317615194972,0.41412272597578664,-0.7276369781888286,230,368,294.43763440860215,618.5929847101173,0.032656572483082895,-0.08461456364311326,201,418,283.10645161290324,2063.6043716795725,0.5866256272607664,-0.33407062761829076,156,417,242.652688172043,3424.3410315172982,0.6874855987804174,-0.5937649335208839,242,506,396.35913978494625,2045.1884255240343,-0.1753701373542196,0.09871247469457778,384,1111,750.352688172043,20238.943292012456,0.39568538139396064,-0.860725156371744,218,702,481.60215053763443,7446.872761785709,0.36035025913832053,-0.7586113098943379,276.0,6090_3_0
237,272,249.57849462365593,14.569181800293993,0.6989320499961423,2.458792431236607,199,258,221.01505376344085,43.894283366320586,0.402114258979091,1.1741353068468205,221,337,291.81505376344086,242.44584418440456,-0.2525841866484047,0.5462008061463202,198,343,265.58817204301073,354.1606780328021,0.039938370128754376,0.3081785531094883,154,312,211.7516129032258,384.9511545539776,0.5953742250525296,1.108133342290654,238,535,422.44086021505376,1321.779598828663,-0.4132018460582052,1.533759330028846,469,1150,854.341935483871,8772.044418208965,-0.12499218335499483,0.46366660141023175,305,719,544.8301075268818,3407.4479623135067,-0.18811392417960385,0.6091982139892731,277.0,6090_3_0
241,265,251.48279569892472,11.660091206870607,0.016962622190432125,0.2907474565387771,206,244,225.53548387096774,31.76892253203236,-0.15484571563416197,0.16957829120129464,255,345,303.3774193548387,192.8574012986562,-0.20230515296545432,0.23575264790520212,228,332,279.5806451612903,271.1544150838571,-0.3709528282374232,-0.09418227388996714,180,295,224.9956989247312,305.694276421635,0.04164764133448007,0.1985929340258381,322,532,433.0978494623656,1122.1206627544939,-0.24485880803774498,0.10279260430033021,631,1096,858.3784946236559,7787.903950368648,-0.10065723255241799,-0.3852573459012518,372,687,545.0494623655914,2969.9501880852345,-0.13658819775930992,-0.377561525978126,278.0,6090_3_0
242,260,252.03225806451613,7.964512656689467,-0.23354498828823403,0.2757392056884278,209,244,227.8258064516129,30.697288100281263,-0.2825022807937769,0.3553218597139782,255,374,318.7010752688172,382.29375557021655,-0.1410549638422613,-0.04319787663008068,230,354,291.2537634408602,375.00119680081485,-0.38375413459603025,0.217108417617367,177,282,227.91720430107526,222.40971445767795,-0.46059323517620204,0.5352323310478861,322,607,476.8311827956989,2182.2416530666574,-0.29283899995741236,-0.03539769571625495,600,1234,956.5612903225806,12145.520997256848,-0.17410133726703447,-0.10356091570565518,378,778,604.2569892473118,4392.059827308818,-0.184597528039319,-0.05500727525555993,279.0,6090_3_0
243,263,250.96296296296296,9.571593124224703,0.2250540822950643,0.11991216065563748,209,249,225.83512544802866,38.4679991768277,0.2437658944438376,0.2739208663319417,255,383,313.0800477897252,408.4134411460388,0.23130444866876584,0.17655018687281698,230,356,284.3010752688172,415.9666615218398,0.04049392750077905,0.13920591262171156,180,274,221.726403823178,236.65352449223417,-0.09796997864854985,-0.19385733483884815,331,602,467.037037037037,2175.5261385787703,0.01861393867092041,-0.0811556013481387,637,1275,945.3010752688172,12040.119771569687,-0.015309839504921548,-0.3118870355026542,380,813,597.7753882915173,4558.21025478326,-0.03274313041976412,-0.3546470048781756,280.0,6090_3_0
240,264,251.46881720430108,17.403224649004017,-0.01799084279668848,0.05584198186692024,206,253,227.8720430107527,71.37112283991343,0.17256466973293516,0.07623243070542118,236,380,308.2741935483871,481.38760026389804,-0.20582300611527257,1.3257380984220681,215,375,294.6483870967742,903.1324247369702,-0.08975900665789664,-0.21491746969280134,167,355,248.0258064516129,1300.481572276815,0.39107947741901294,-0.40598453715896277,261,580,439.447311827957,2333.235649385974,-0.5965360779102139,2.0654244248014058,439,1267,847.7612903225806,14560.147477342965,-0.037951040849170475,0.3526746565742296,281,793,550.5612903225806,5698.916045696032,-0.20955382963103228,0.6337356739334776,281.0,6090_3_0
245,273,255.54623655913977,15.99193953493756,0.3966868066367801,0.6486576340537868,219,266,236.92795698924732,55.97004641364863,0.3202682263536422,-0.10812039887089098,280,370,323.0483870967742,142.95459911802496,0.23821217012849996,0.5403092129721991,267,409,323.3677419354839,470.51478176325566,0.37515427389276007,0.3135782020749591,215,396,288.7537634408602,1094.4183119784252,0.22940673817563262,-0.34517069215489915,369,537,439.78172043010755,793.3118291144368,0.20818599485593364,-0.11542538109597267,623,1037,788.5354838709677,6177.538567311365,0.4823348141801459,-0.2885481769130913,427,666,512.6612903225806,1932.7667453731033,0.6198017490748357,0.1285271765106759,282.0,6090_3_0
245,287,256.9247311827957,17.938354341007216,1.2121541889043501,7.434819091898065,213,293,240.49139784946237,77.67538340451637,0.41046286675581983,3.5631004348646886,257,423,329.4741935483871,229.54992534463005,0.0006756548057469719,6.483761897564968,243,475,333.40645161290325,797.4428000972256,0.008761421673570935,1.950076170067443,196,461,303.005376344086,1620.4423822586432,-0.09962496376336126,0.09006450847851166,256,547,458.7784946236559,730.2329062351702,-0.8600128489105179,9.52920310426013,430,1131,831.8913978494624,7068.497342500318,0.48203807886100325,2.087103941442799,330,720,540.1817204301075,2119.720440524555,0.6519394866815572,1.5791110264598238,283.0,6090_3_0
240,291,256.6731182795699,26.66375452851372,0.5803046193424797,7.999080257370705,204,296,239.92150537634407,110.89264789286666,-0.5671307823359315,3.555028732532267,233,428,324.1247311827957,436.36978598793945,-1.6495853599785013,6.498427260518193,210,497,329.9279569892473,1149.5760744007314,-0.8845015698106037,3.025224265122838,177,482,305.3677419354839,1901.8775374144934,-0.6811139062519833,0.9753348560514326,226,547,441.90967741935486,1514.2738567311367,-2.878034862825446,12.132069197779066,355,1275,794.6720430107526,10092.498356424412,-0.19680015570487397,5.1357516762521005,230,771,518.4118279569892,3982.5869428336628,-0.8983747441355016,5.881056105350481,284.0,6090_3_0
249,269,258.7483870967742,6.62984131393451,-0.14902211879441388,0.6299354659043401,223,258,244.66774193548386,18.215642904267508,-0.47573587506743514,2.6464339282760134,290,361,330.26451612903224,69.77495051911525,-0.1062587763026851,2.2688452267451886,261,387,345.47849462365593,171.7417329305416,-1.0096969315889226,5.228538576321238,211,381,327.35913978494625,292.5920853733347,-1.3163642835821499,6.066171036483604,369,484,431.2236559139785,266.8175237566119,0.1314718876166429,0.07528669077409633,647,946,736.3247311827957,1489.4487956757757,0.805677937306411,2.302309230247837,408,591,483.8258064516129,570.6779124275148,0.5581698190188156,1.4766209501060112,285.0,6090_3_0
247,266,257.31397849462365,8.465358750882551,-0.2599337893814242,0.38562236490684043,211,255,241.74516129032259,30.181488940588213,-1.3119416343115868,3.745065852129838,263,406,327.47956989247314,141.2100234961862,0.6075618672408915,7.079796195619428,240,395,337.8010752688172,308.7838524485804,-1.5341666525848612,4.6029630844927105,194,385,315.48924731182797,704.1575807030337,-1.424668833058094,2.66352529290078,336,625,439.41075268817207,912.3477852240239,1.756747308919315,6.701906411270803,560,1192,767.9645161290323,6901.741473662281,1.759362801573329,4.41085841375025,405,740,501.2215053763441,2345.8410870747825,1.7561141864046623,4.447093421290555,286.0,6090_3_0
244,285,257.71290322580643,19.86689468384319,1.1663994802280162,5.628244730502056,210,287,242.25591397849462,67.7471393682651,0.12925776797915386,2.6274365891274796,258,406,328.705376344086,236.41256525110825,-0.2038191491409384,2.8084245044221223,234,469,339.2956989247312,702.518496012593,-0.49482398785344417,2.409578070448233,190,472,316.44086021505376,1272.1111381182216,-0.7407628996671962,1.5444823174616786,348,516,445.56559139784946,473.3137770987418,-0.1731104256495258,1.3833744330238193,610,1119,784.3806451612903,4893.467439841662,1.6259702093564061,3.607577974086774,402,705,512.4666666666667,1665.0887692859708,1.5833020764762067,3.4268503333638956,287.0,6090_3_0
246,278,261.9172043010753,16.35804599696749,-0.23838303520212853,0.6654192154874332,208,285,251.16451612903225,63.78237786034237,-0.961004360039007,3.169104367232861,246,415,344.88924731182794,281.92851719388403,-1.0238832158567563,3.5316140355626224,224,479,365.60215053763443,624.5089297082075,-1.3173321291905238,5.043022455189664,183,485,349.8774193548387,939.3326434945659,-1.6303630241736053,6.004808862070215,265,535,452.7516129032258,685.3494322719539,-0.7509682543150658,5.098519859186284,497,1199,764.0881720430108,3763.0858664073985,2.1492891243906223,10.647297512915502,316,739,498.83870967741933,1466.1612555991526,1.807548225967842,9.778487838220467,288.0,6090_3_0
242,287,262.41182795698927,35.74087178952973,-0.2757538102159072,0.6337794148074019,205,288,249.95591397849464,157.1164612197183,-0.6616349977679785,0.596348608355894,239,418,341.741935483871,547.5716517934651,-0.9306685392857486,2.302419932288111,217,480,357.98494623655915,1451.0568237323052,-0.8181869918414036,1.390617593440881,173,470,337.43333333333334,2481.953031933979,-0.7706960283113793,0.5954545590880569,245,518,456.6655913978495,943.9752410384618,-2.1962450269427625,10.679282561541799,411,1085,777.6010752688172,3989.669535979258,0.045752499743746095,5.727233858885702,249,678,505.14516129032256,1465.5192715024828,-0.4929685861320903,7.061868087867886,289.0,6090_3_0
242,288,261.2795698924731,21.732305519867584,-0.10276945789707442,3.3293905919984184,212,279,248.31397849462365,90.3943146174057,-0.8446757082451025,2.3015847925714263,253,403,337.81397849462365,345.6650358230031,-0.8572808702005129,3.5937599152905033,230,470,352.27204301075267,909.6191314513234,-0.9255383430879256,2.938417089006279,188,470,332.2989247311828,1502.7092561084296,-0.9620310539944589,2.0472797696768597,278,523,447.0817204301075,748.7231315902173,-0.8795495482624972,5.559874606463449,525,1069,764.0096774193548,4335.802920240286,1.1515378245727241,2.597646157350762,324,681,497.39354838709676,1707.0548560713914,0.8312189895138961,3.0678690286737034,290.0,6090_3_0
244,281,259.01505376344085,13.183842031552023,0.18792765058065855,5.044972566343342,221,275,244.32043010752687,47.30948528305381,-0.7791879771407133,1.879686366831665,278,395,331.1322580645161,126.98033612278205,-0.16844072580750694,2.8136900193519336,250,438,342.59247311827954,468.51081519034216,-0.843425239916623,2.171398000488188,197,428,321.6311827956989,1023.0166799773141,-1.0782626811355995,1.5024547181846097,403,528,442.6204301075269,426.9117457782098,1.3196288289932319,1.9453541070302078,673,1055,762.331182795699,4617.526367813698,2.07816350157593,4.443635694463689,444,673,498.8279569892473,1615.4450733243052,2.094612352636338,4.676384543269342,291.0,6090_3_0
244,265,257.741935483871,9.765408521129205,-0.4264208837191703,0.5784719128794396,212,259,241.92688172043012,37.3617093186106,-0.7769966580553138,1.7879740337707002,275,366,328.8268817204301,121.43070824218432,-0.15110302320917832,1.671680866924798,255,387,336.68817204301075,367.1771473546535,-0.7112316056905964,1.329179858833955,199,385,311.56559139784946,752.4289547090755,-0.855797750389967,1.0571854289501728,378,532,444.47956989247314,498.24985126798384,0.7918529363950322,0.7829804857033986,662,1147,774.4172043010752,4609.498519624524,1.50068599053568,3.3444059807413735,437,713,504.0860215053763,1567.058254337535,1.4124302104953295,2.8613901828932438,292.0,6090_3_0
248,267,257.8688172043011,10.492998599488411,0.12479268467959953,-0.29254843526726226,223,265,242.55591397849463,42.331100616919564,-0.031047983422205556,-0.08023104092339528,297,384,334.27204301075267,162.08199474518796,0.30710937496711355,0.5366763418760985,271,391,339.2516129032258,358.19281225042533,-0.16608166440183553,-0.07660876596215749,217,363,308.31505376344086,622.3710325590008,-0.3472518599075894,-0.08830822250188808,398,547,458.98064516129034,460.07712767804435,0.456926361036974,0.9868578004392048,676,996,810.9150537634408,2716.297405002488,0.7103110275781784,1.0000910538051544,457,647,527.8118279569892,931.3951236732757,0.49146367319574363,0.5186746549148431,293.0,6090_3_0
241,275,255.88709677419354,19.770877461022952,-0.1719644989724096,1.1810382612190482,208,261,235.42795698924732,83.04593446531707,-0.624769492558081,0.08979269821759939,247,358,315.9505376344086,365.2978737687651,-0.5488426847832147,-0.08242407051104417,223,397,314.5548387096774,910.6972047640543,-0.6701530405736047,-0.0446924155509163,180,365,279.73655913978496,1422.1361216245934,-0.744868423646199,-0.22744746571330943,277,532,424.9602150537634,1177.3773174994506,-0.3206306150629658,0.05641381654304123,460,1032,757.3451612903226,5553.311305948123,0.1517581518089178,0.23156635089268995,294,652,493.51505376344085,2134.6138743243396,-0.004398499302587868,0.17351409432457654,294.0,6090_3_0
239,276,251.67096774193547,34.007875273447,0.7851402258879778,1.3781294510007003,202,265,224.1215053763441,102.12192668726924,0.5238823869969993,0.5988884413794384,233,368,291.1655913978495,409.1609245691401,0.1499668469028356,0.8569355225696977,203,404,275.2462365591398,1010.5840816232045,0.7731777063582593,1.1899711623048415,162,393,229.36344086021506,1419.3898352952071,0.9328521528931735,1.046215529392584,237,486,384.0827956989247,1569.7014259754387,-0.46188492043758467,0.8659394614561466,389,1046,722.3032258064516,14493.70343414702,0.3792374897498265,-0.29944445228969974,255,675,463.51612903225805,5384.633216431126,0.38892469648565486,-0.1216430435402307,295.0,6090_3_0
238,293,252.15376344086022,54.76965751125618,1.0479141921734392,1.7504775031380264,202,300,224.6720430107527,160.79329722096833,1.101526217286961,2.1068685952480415,227,429,290.98064516129034,514.8543074412306,1.1052597341446486,3.3520141094063822,205,490,274.83978494623653,1233.8526673379863,1.227690987661914,2.9767119010544274,164,477,230.64301075268818,1849.9219371042975,1.129074826121161,1.8304461077515812,208,531,385.2505376344086,2528.334364619142,0.051045767263456665,0.10714581305762794,345,1151,725.921505376344,20709.42440246768,0.3308688775109758,-0.4817393934082652,219,710,466.63978494623655,7773.363108672755,0.27090084435223005,-0.4103471372810792,296.0,6090_3_0
240,280,250.44086021505376,22.43621885019155,1.7516660912334432,6.593723637073973,206,271,223.93333333333334,71.76088984571224,1.758504902391411,5.931217631905067,242,399,297.6709677419355,392.54178270078825,1.0236770167571314,2.6966099177871863,215,447,277.93763440860215,731.1069782515597,1.515315695279839,5.038132821505295,173,413,227.89139784946238,1003.9397536951515,1.6972347101552159,4.48272975028848,258,598,425.31827956989247,2109.0675879949536,0.13666245814717995,0.2322794679588034,485,1165,828.3795698924731,13545.346621989189,0.08042559668229267,-0.3950685872994142,334,749,533.7612903225806,4744.896670023264,0.015789733675952617,-0.2311371425160269,297.0,6090_3_0
239,266,250.99247311827958,11.322871164508026,0.42730209452642237,0.872950520959547,208,262,226.42688172043012,47.250299200203706,0.32332751682311006,1.2098994040467357,254,399,302.2430107526882,323.2261351667303,0.8230102243452458,3.351763448353754,227,413,289.6967741935484,669.3891176776972,0.33244027204437654,0.722356621633836,183,342,244.61505376344087,951.5287290067942,0.17190750214812853,-0.7786218087952195,300,592,427.43870967741935,1234.1151845550194,0.7973153751661268,3.558983053371202,585,1099,812.6387096774193,6994.032945588389,0.5604406232883381,0.35839780880517136,384,714,527.6677419354838,2433.7011111496927,0.5782004883298199,0.6138689795736574,298.0,6090_3_0
240,280,251.90967741935484,27.759324976561686,1.64757540229764,4.655939639688525,202,277,226.56021505376344,85.8978772411079,1.1811552542501134,3.3488783306452223,231,382,296.31720430107526,356.203901755848,0.38869535544849476,2.2247673239995613,206,424,288.9537634408602,870.4704110096415,0.6568468684040848,1.7719339166675727,164,424,250.59139784946237,1297.393682651018,0.6371790866686886,1.2030615371684341,226,509,398.4752688172043,1456.2216697339027,-0.5863876879735693,1.208117624566131,373,1038,730.7236559139785,7891.046264337883,0.19442093923197964,0.9330670358320687,241,693,478.10645161290324,3094.21362894545,-0.07994878844964903,1.2286311339636242,299.0,6090_3_0
240,278,250.09032258064516,17.59140247925275,1.3818663466982817,5.028431956838904,206,274,222.70537634408603,56.88619280762063,1.4451848771677043,5.2707110672725435,260,377,293.8698924731183,256.268306769911,0.574726306528326,1.023349295386165,230,416,272.2505376344086,519.6712860400246,1.270983664815193,3.894904050928555,179,397,221.82365591397848,754.7029920020371,1.7341977405060705,4.967119784260565,316,518,406.80860215053764,1188.8589140826648,0.25236758088151817,0.019256309786102932,539,1090,784.3537634408602,7601.440916929985,0.42232962725473805,0.36172420497238544,327,682,502.1967741935484,2866.84713705337,0.3867094321116813,0.41406580649371927,300.0,6090_3_0
238,262,251.152688172043,12.732312464553168,-0.24377857523406696,0.15466537918248013,202,247,225.1225806451613,49.11735824160561,-0.21678143810664388,-0.1793777629333806,241,380,305.8215053763441,422.747437989745,0.029973036911491946,0.02690689253365397,212,335,279.81397849462365,455.9018496012593,-0.23935524852384576,-0.2369632855050634,161,281,221.81290322580645,334.45150178825656,-0.08186499279466829,0.014855952762159674,298,588,443.73548387096776,2065.5962637591583,-0.05743743788062234,0.20720975766891403,578,1235,887.3215053763441,11869.626340034956,0.10042595078685375,-0.21760183418322754,350,772,562.5301075268817,4334.559372431913,0.100117899878452,-0.15097286095163254,301.0,6090_3_0
238,264,250.71290322580646,21.498756901281293,0.09828694451290255,-0.3575510441426286,198,255,223.49354838709678,80.67649223931384,0.24583648055684562,-0.1779165731065322,229,417,303.48387096774195,678.8506545366158,0.1973268648082622,0.25803147043654207,190,395,272.09139784946234,732.6019711332569,0.33638281890620364,0.6355948412233254,155,317,211.55483870967743,457.3430605229348,0.5496965595534082,0.9895072108533021,256,649,457.72903225806454,2682.103031355255,-0.27691910203828407,0.8113685335064535,551,1260,961.3634408602151,12612.431815919535,-0.3939480705150177,0.1326411036160322,354,784,609.3569892473118,5113.566716436913,-0.44166335465297774,0.28661274089390787,302.0,6090_3_0
240,270,251.3258064516129,25.117632556685997,0.37329277578747205,0.17505934250817923,201,256,223.4021505376344,70.16748729701263,0.10343427663310781,-0.28857874951815043,221,356,291.78279569892476,371.63414933388896,-0.0030589572525065987,0.9866016198280598,199,359,269.28279569892476,517.1438371702721,-0.12959380887091182,0.4122911986975244,158,336,220.38387096774193,807.0139484009861,0.6197363620002319,0.21670792227553637,223,556,403.96451612903223,3513.4616028334317,-0.0026865970789058833,-0.6106421180824952,410,1250,800.6860215053763,30914.71508964432,0.09583663330727506,-0.8895781190369885,260,765,515.0602150537634,11698.414023635081,0.04816403623888437,-0.9298920030107496,303.0,6090_3_0
240,269,252.28387096774193,23.99468037084621,0.19872495542596363,-0.1232555401077744,202,258,227.0236559139785,92.44292741646123,0.09284951529563716,-0.4233495115692265,236,351,299.61075268817206,401.73422225308747,-0.44228152179658786,-0.19196840766227918,200,358,284.41182795698927,897.4545424030927,-0.04962067855798192,-0.6630631592246741,163,345,242.78817204301075,1439.1273088185933,0.19513487957862938,-0.9700260869615405,231,541,418.86559139784947,2317.046500457192,-0.9057550568073881,1.146843805681911,401,1155,798.0086021505376,15193.274414620877,-0.21026406879403334,0.38964763229719424,252,736,514.0451612903225,6078.80312510851,-0.3987876036939437,0.5746370125336395,304.0,6090_3_0
241,265,249.7720430107527,9.676720256490388,0.41005327881161424,0.8275987699136285,208,243,223.09032258064516,29.66459946525921,0.42004551205698515,0.23468634140315547,259,334,295.93978494623656,134.05449726263643,-0.03129540830225408,0.19695669748143008,228,336,276.01075268817203,285.37986272671503,0.3495711591811051,0.5561991662054919,180,316,227.01827956989248,506.7628517193884,0.9280000507065106,1.0650574131854187,325,519,423.205376344086,704.2128881789878,0.07829165411064806,0.6301195387453928,627,1072,821.8591397849463,5291.195422294755,0.48667586257318735,0.2207749015607834,406,699,528.8881720430107,1882.6225725430284,0.5273519794382844,0.539601711582558,305.0,6090_3_0
241,262,251.56666666666666,10.536454969501255,-0.20816469850705546,-0.07737525118774435,210,241,225.8795698924731,35.038225864324,-0.2810477473423286,-0.474133876330487,263,358,307.0279569892473,215.82483651052695,-0.16509995265018598,0.15181132487149895,230,324,281.14516129032256,286.21249001701443,-0.43139276548429706,-0.26136686352022753,173,269,224.46666666666667,279.6420523860782,-0.2593724883043693,-0.5904474488353171,339,546,442.85376344086023,915.7611537437642,-0.041943312820059434,0.31209872113187354,674,1125,880.0172043010753,5222.0772063844815,0.25762995313419923,-0.103759430460169,419,698,559.3623655913979,1957.8416391772862,0.2387371433853842,-0.024309243273105352,306.0,6090_3_0
240,261,252.10752688172042,10.007801196800814,-0.4054366964900646,0.38963039264662624,206,243,227.31612903225806,31.934400500017365,-0.7875344245230882,0.7477698269497273,244,359,313.51935483870966,292.0884301538248,-0.4371685376448727,0.6177671191549492,214,325,288.01397849462364,309.66934152806226,-1.0124620682409957,1.319706806392503,168,264,228.69569892473118,255.44766716436916,-0.928088376414413,0.8537992607972025,293,563,458.02043010752686,1661.5248781786404,-0.1977021948015964,0.3915653129034591,604,1240,908.7666666666667,10638.026228919985,0.11217803051051105,-0.3295519917636702,371,763,574.4677419354839,3886.8175804715447,0.08764334207683522,-0.16654098615783797,307.0,6090_3_0
240,272,252.21146953405017,19.085609919226222,0.3011148101457821,1.0444328246035424,203,272,228.0,85.00239234449761,0.5678482972988323,1.3489367121352194,235,439,319.973715651135,898.24811213436,0.4180625250714072,0.8264361185947577,205,425,290.28076463560336,959.5825601801831,0.5431203283983362,1.2969966542198161,163,331,225.38709677419354,553.0030868961259,0.5014476437998457,1.2614026345289027,269,693,489.6977299880526,3194.69440871648,0.014621516960451558,0.9068460253804869,536,1369,1019.8888888888889,11960.75677830941,-0.4877490925538227,1.4028114452547973,349,840,644.2986857825567,4601.5326896583265,-0.5628654117761718,1.6210203902042508,308.0,6090_3_0
238,300,253.7709677419355,45.003461925761314,1.7089821840996244,7.171396387488455,205,309,232.90645161290323,175.2022188270426,1.0780114578045716,2.8291668572323365,234,448,316.51397849462364,609.0444760813454,0.31306770480383406,1.511821529017844,213,499,308.78279569892476,1501.0162806578935,0.41085269653516254,0.8702121511750613,175,497,266.93440860215054,2465.568351910367,0.5327377916678333,0.2782699631386705,234,536,439.847311827957,1416.123055198676,-1.1186263627698858,3.520609656560911,409,1059,821.6021505376344,6945.540146069886,-0.4309809529841798,1.6304644953549756,271,688,530.7279569892473,2501.059389793627,-0.6406290987090477,2.7095093610750114,309.0,6090_3_0
241,286,257.39139784946235,28.085609454031967,0.12899954639002217,0.9826732921510577,212,288,241.4967741935484,113.94024792527517,-0.09802206617046069,0.024193252456289116,248,422,329.33978494623653,406.0200516221628,-0.6379245279423176,1.985199574921488,225,481,335.4021505376344,1029.889769320694,-0.533233652917578,0.89900711873661,184,475,306.31935483870967,1783.5200770860097,-0.5135832847977521,0.05861503410830293,295,553,446.8354838709677,940.8544984200839,-1.1549100768948781,4.200050966005726,522,1147,797.6021505376344,5471.908283852448,0.813753510113618,2.416084050475142,321,727,518.5881720430108,1988.356587612996,0.6490741837570051,3.3141356094288215,310.0,6090_3_0
244,283,257.2516129032258,16.808528073891456,0.2401553740299913,3.152012340605295,209,286,241.7,70.59989235737353,-0.3811185768372148,1.6668847297042682,242,418,329.71505376344084,214.24487540076623,-0.5132506952230534,5.894495544233827,213,478,339.0258064516129,655.3965346018958,-0.630489154529608,2.9186750713916974,181,478,313.51075268817203,1382.2932104123984,-0.6568686785499707,0.9247449537976613,275,592,446.0043010752688,604.867581050268,-0.09190007763820057,8.32258413842414,530,1191,788.0344086021505,4694.287297012627,1.6168087633891344,6.031261581657574,331,750,514.1376344086021,1521.386849080408,1.323411847704531,6.152809900816212,311.0,6090_3_0
248,272,259.3333333333333,9.75744528166487,-0.24336090185585502,0.7067292968753276,215,265,245.46451612903226,39.55363727907219,-0.8208465115229393,2.1721780237677253,285,371,331.9,106.98783638320775,-0.42787996442547493,1.7709406252939388,256,411,347.247311827957,409.2563167702582,-1.1198444770525982,2.2076651624879817,207,403,330.7537634408602,866.6163744111486,-1.254022273634473,1.8343877926126035,397,519,442.43118279569893,355.903224649004,0.7023199133187931,0.33728776793577797,658,1223,770.1451612903226,4739.034879683322,1.9025982501441256,5.685607786688143,436,792,505.8010752688172,1596.9668449135968,2.1920961201649782,7.941163460973566,312.0,6090_3_0
241,270,259.0494623655914,12.219294651434659,-0.7464613700725354,2.308802903496649,210,260,244.96236559139786,43.480821093325005,-1.5548035030165719,5.040743758222206,251,397,333.0978494623656,180.6351945090686,-1.5423984696080923,8.147864392928305,227,393,346.5752688172043,427.9776438996724,-1.9515907067192557,6.5794186916796615,184,383,327.5548387096774,845.0588839890275,-1.5555710436316301,3.797702286265766,291,590,443.4182795698925,727.7570390175586,0.05400374388433604,6.908526367506372,512,1132,767.6784946236559,4689.718912693728,1.6338393075856708,5.549511946985147,311,727,501.69032258064516,1647.2021667419008,1.4951308961865477,6.912364728337067,313.0,6090_3_0
242,266,256.18924731182796,8.280616225100408,-0.5485183539376113,1.35000511136879,214,256,239.4505376344086,34.87430003356599,-0.8765045236373984,1.379617430543722,266,386,327.5774193548387,178.5951838605507,-0.14376582710701527,3.0239926867368565,240,405,332.2075268817204,413.8890713797933,-1.0171310974196428,2.5060866067539598,196,389,302.8806451612903,862.0040383346644,-0.7030268329590387,0.9919634627712037,333,577,451.38602150537633,899.6344653170829,1.1945547596240225,2.6964416398811304,674,1159,804.6827956989247,6172.264181626677,1.5157862582891957,2.4984138731739804,396,726,523.0731182795699,2061.0538514068776,1.4287347627399083,2.3066451664811245,314.0,6090_3_0
243,296,256.98387096774195,19.458297163095942,2.270710083440481,14.141061449673845,209,306,240.63548387096773,67.2049828119032,1.246845023526708,9.655128256521254,263,457,332.21290322580643,352.12254592173343,1.0622681163126306,5.339029223462667,234,543,338.03548387096777,749.0633251154554,0.971546552971356,7.831242457830809,189,544,306.97849462365593,1235.8617544590668,0.7418961377377953,5.30224401186987,362,608,460.3279569892473,1183.174352118708,1.3110618261542197,3.0495567951069047,611,1118,814.8849462365591,6281.087932451358,1.217359342347765,1.779592751260326,381,722,528.8215053763441,2116.2608933180554,1.3613453748936402,2.4642140304434337,315.0,6090_3_0
248,288,259.1731182795699,15.445778209891547,1.425392343916131,7.020214421761228,219,290,244.96344086021506,47.281762098221,0.9762739591539361,4.590224543751049,283,411,335.4537634408602,196.43973286109474,1.0289994652970256,3.3013479815568623,272,458,347.5870967741935,391.06291190666343,0.7110536350481668,3.582152808045084,226,458,325.05806451612904,717.9944720302789,0.19986524800444164,1.9668873212030125,389,617,449.73440860215055,697.0499450212392,1.3749654826895206,4.551063320169207,681,1061,776.4010752688172,3475.6053809738764,1.5119161119676392,3.1163094054334346,445,672,507.1559139784946,1137.3524138569628,1.5200302178806069,3.355074916401959,316.0,6090_3_0
242,285,263.44408602150537,32.2471393682651,-0.7122481430297586,1.9975332384414735,206,282,252.63548387096773,125.18130143407755,-1.3969405768823782,3.5818459613259046,230,392,349.18387096774194,552.4860689607277,-2.3998603960203138,8.614438316484021,209,446,367.38494623655913,1178.0454136138985,-1.754860773079765,5.333592932637963,175,443,348.0451612903226,1762.91722629258,-1.3947828465241865,3.2299307873891117,211,539,465.9279569892473,1714.723544799009,-3.668899756324875,17.27082475905199,330,1026,794.0935483870968,6017.428268342651,-2.7872742155297403,13.435473099408547,218,658,516.2623655913978,2469.257247358126,-3.2831968893895427,15.83392979521036,317.0,6090_3_0
248,279,263.2741935483871,18.754661620195144,-0.3431779209408104,0.9714545709632016,219,280,252.6483870967742,79.44674120629189,-0.8742486679498912,1.5102038669785278,272,403,348.53440860215056,277.131753417364,-0.7330094145510663,1.8520304542177053,256,462,366.11182795698926,762.0972765258052,-0.988221860653209,2.1066529395347438,208,458,346.03440860215056,1261.4713659039087,-1.141485709489383,2.082904560649463,374,524,462.2215053763441,496.779730777689,-0.01976552414188815,0.5046135478654867,661,1100,784.3161290322581,2775.3143789714923,1.4762705048650215,4.380555457830673,432,675,510.26666666666665,1003.1580911374238,1.0301272898429379,2.330183221642306,318.0,6090_3_0
239,285,257.7225806451613,21.767950276051256,-0.3394285208645854,4.42945699416595,199,285,241.2709677419355,82.66707871801104,-1.0430435424953144,4.1417948572638705,230,401,326.2741935483871,351.2842633424772,-1.7904009351700694,6.540406926593892,207,444,331.81075268817204,810.1643621885019,-1.3343010577253367,4.23819769298128,168,444,305.0290322580645,1300.1014167158585,-1.0698659939168658,2.5092640347963435,231,526,433.9279569892473,1063.4576675116034,-2.3358152695999816,11.39126074963451,383,1022,754.4591397849463,4498.911676331354,-0.5320877836908462,6.2170868856575865,218,646,490.2881720430108,1690.9114853525004,-1.3043572701295012,9.37334705509134,319.0,6090_3_0
244,266,256.6537634408602,11.488172043010755,-0.6106557684326835,0.44804087519360225,213,257,239.63870967741934,50.0609326712733,-0.7973278547286077,0.7667839225900304,275,395,326.6225806451613,243.86924198756898,-0.14892768258369013,1.5082091784848908,243,385,329.7086021505376,554.2325416391773,-0.8946008685823209,0.841697894957592,197,378,300.1247311827957,925.0780744701782,-0.8812860404510113,0.6791945813677782,349,577,443.2569892473118,627.825166383092,1.2163639116426568,3.9770621755233426,666,1069,782.6462365591398,4280.954372258296,1.2315906632720557,1.9232215270644275,429,692,508.34301075268814,1485.3450802689908,1.2324939862752982,2.343811962436007,320.0,6090_3_0
247,270,257.31935483870967,12.693381714642872,-0.013930205133678085,0.14794289130728977,216,264,241.29247311827956,53.38261282220447,-0.11802649433778291,0.13315238499266258,277,377,328.51935483870966,203.15193930344805,0.010088103017471869,0.6337458432775489,259,397,335.5806451612903,505.3783117469357,-0.3419213443396744,0.25151387489781607,205,379,309.90860215053766,863.6740916929987,-0.41800613105280404,-0.10110177368514472,394,541,446.9956989247312,401.808377605704,0.9426837133914461,1.3888133152253337,674,970,782.5559139784946,2645.640034954917,0.9927055065341467,0.7559661162141511,450,627,510.0967741935484,912.9744782804958,1.011699766583127,1.0615417316932296,321.0,6090_3_0
238,269,253.49354838709678,33.29436091530956,-0.30343562888992814,-0.6611874412777747,200,258,231.01612903225808,170.11276433209486,-0.28846998378737826,-1.0913202069905639,232,357,306.4301075268817,575.9568966515042,-0.47412502253669986,-0.5822605416676563,207,409,302.97849462365593,1798.4537889047074,-0.17888456858698454,-1.1632525235150477,163,399,269.0763440860215,3372.884369827656,-0.03865878670284077,-1.4085596751473561,239,527,410.84193548387094,1373.450769123928,-1.0380127879857808,1.7155402177535262,374,1037,743.0559139784946,6509.267053254163,0.2371021093704734,1.4304862458288978,250,667,482.68924731182796,2385.4114020162738,-0.1111326244814972,1.8591735598934669,322.0,6090_3_0
237,256,247.03978494623655,7.646424065650428,-0.17424911665953033,0.6193239121971814,197,233,216.55483870967743,26.583103579985416,-0.10243033001452444,0.6512055899839169,224,314,282.19032258064516,177.452435848467,-0.7105882494379246,1.2365324558631636,198,296,252.80752688172043,212.72394759077284,-0.38881943877136166,0.7939680733008387,155,253,198.38387096774193,168.88693010173964,0.521432554353028,1.1564887738316934,231,525,421.69247311827957,1744.9860573862516,-0.9481642612069732,1.9807281224601683,440,1127,873.641935483871,11424.07940206257,-0.5539908838083261,0.9916889004021261,265,704,556.2139784946237,4545.0768765119155,-0.6647309908249025,1.4108457783389836,323.0,6090_3_0
237,297,249.6236559139785,43.80223850365175,1.9357528244434912,6.662287474918404,195,296,220.7774193548387,136.86213757422132,1.8021588787713436,5.555775612130333,222,416,285.7978494623656,541.3692095790364,0.8785566840796758,2.9979764024956204,195,456,263.3731182795699,1218.6754875748,1.6376368201379436,4.071434027205508,153,466,215.9225806451613,1698.0607382200772,1.9608202659275085,4.7680238662049685,249,506,404.93440860215054,1839.6523131590218,-0.8643496301277913,1.3207728093000064,486,1088,804.4204301075268,12267.341885713626,-0.2671072964828586,-0.19746218362406376,311,696,518.4247311827957,4740.543844114957,-0.37743799639712167,0.0002667054191061169,324.0,6090_3_0
239,283,252.2698924731183,24.438382119749527,1.8641315472035556,7.823239987241529,210,278,229.39354838709679,86.86755790131602,0.8770745149630176,2.7776462975690848,256,382,302.1279569892473,298.15476116068845,0.530919653853659,2.193552158179621,222,428,296.56666666666666,885.35453893075,0.37562560208392837,0.9937646159250195,187,418,261.9548387096774,1529.7977429771868,0.18453885367485115,0.003052983972446466,283,492,411.4236559139785,801.3165549729736,-0.24085285732311598,1.0791378168018788,543,995,757.5322580645161,5951.086687037744,0.647970880644262,0.08134100608302441,360,656,495.27311827956987,2141.6992765952523,0.5568045265032301,0.33487356479878905,325.0,6090_3_0
237,263,252.13333333333333,11.16411912450664,-0.7530698729321259,1.8333212874884595,199,249,230.0258064516129,51.53216431126081,-1.2304823500383248,2.6548521308819923,222,344,306.9043010752688,276.8293679178675,-2.056565415567224,6.442083513211038,199,363,304.5548387096774,625.5066773151846,-1.424533609104727,2.6528219264901107,165,340,269.96774193548384,998.0915309559359,-0.9632220126360177,0.7303308206757531,218,531,424.35698924731184,1440.2297950160307,-2.138525041722495,7.870435504694321,363,1046,771.7236559139785,7760.6393752097865,-0.6491209965093139,3.6509647043715026,231,672,502.60645161290324,2998.3293447689152,-1.1543470393242088,5.214943319635699,326.0,6090_3_0
239,266,253.0989247311828,13.4692130513791,0.007616733798376084,1.0552760911729955,202,257,232.22043010752688,62.100981515561884,-0.18368758135734198,1.1541790678608042,228,358,309.90860215053766,287.7343715638275,-0.6918611370372153,3.0820355963734514,204,386,308.58817204301073,742.5266629628344,-0.3975310116546615,1.1194888860851453,168,369,276.6752688172043,1214.5704318436983,-0.3313081152216236,0.2045370201055947,228,535,430.93655913978495,1053.8592647892865,-1.4791867520420594,6.994699589061634,394,1197,791.9956989247312,6809.7610148500535,0.33669220632060015,3.528341967616626,260,739,517.1612903225806,2583.0546893989376,0.02924759182874533,3.859705975425321,327.0,6090_3_0
240,264,252.23763440860216,15.275008391495074,0.09456910755477244,-0.10185717346390888,203,254,229.5268817204301,81.26569209579038,0.008938209560850015,-0.30296688791166426,231,357,309.3440860215054,382.9234579904395,-0.5950670866555567,0.9479665790323857,203,385,299.61182795698926,1007.4648760952348,-0.04216473601547954,-0.3955160868796934,165,366,257.6655913978495,1720.877286248365,0.18987488404374864,-0.7940699450908064,221,522,440.93655913978495,1375.159587717166,-1.552872427717535,5.771640964394919,385,1132,836.0225806451613,9275.505409910067,-0.2359085436857531,2.285246947178578,232,764,540.4849462365592,3535.6364792759005,-0.35866721395051404,3.047957311409366,328.0,6090_3_0
242,260,250.8720430107527,9.650993668761645,0.13279080429611764,-0.24548588846358932,208,252,226.21182795698925,50.31137770987418,0.18774379086292825,0.05364537269585545,260,390,310.85376344086023,447.64274685463613,0.2134167809609941,0.039696034778410105,230,376,288.64301075268816,638.7830781161382,0.23863196094880307,0.07143981768114749,179,329,232.0,712.3810548977395,0.758812855440539,0.6157325668638682,332,591,456.60860215053765,1922.7917450837415,-0.0393750756269674,-0.08890222409048842,576,1223,898.8860215053763,9533.52197877241,-0.016481665890733785,-0.11613279801859333,418,744,574.0634408602151,3303.1725048323437,-0.01877136055698189,-0.14675949652668407,329.0,6090_3_0
240,264,251.69784946236558,12.39407502575321,0.1969605176960248,0.2263367774580498,209,262,228.03548387096774,56.72748012083754,0.5061918088932342,0.900776956241172,265,412,320.1204301075269,516.3299373820851,0.5220072969015845,0.5763204078509623,232,393,294.9215053763441,565.3684283019088,0.3212985008104733,0.8253926022370477,182,311,231.94301075268817,395.67920298158504,0.35986045976131226,0.9225251510615684,344,650,479.2440860215054,2580.789658205725,0.30024137614924645,-0.22675053053476768,645,1237,943.352688172043,15143.522409342917,0.05082897196651753,-0.7761860532893179,419,802,600.0258064516129,5846.821722976492,0.07878404511174446,-0.793729623704861,330.0,6090_3_0
237,265,249.73548387096776,30.491850411472626,0.2791431570855506,-0.5700546158899336,198,249,220.7279569892473,85.48350174195865,0.1816644708327988,-0.5748487676518494,228,342,284.72795698924733,384.3769355417433,0.013816312137546114,0.3298570878462077,194,348,264.03548387096777,730.7597729087817,0.1439586526973432,-0.34240537519373104,156,331,218.2978494623656,1138.0091449934603,0.6682141732526858,-0.1765406042578488,242,540,385.8741935483871,3350.7064377235315,0.18645884186871045,-0.4236444282752867,408,1153,748.1612903225806,25823.78020070141,0.13565986804065258,-0.9883841867154435,262,734,482.2494623655914,9858.531888838734,0.14256160972228898,-0.9455832987622221,331.0,6090_3_0
238,267,254.57956989247313,20.233166660879434,-0.8807369559857208,0.6362077475333523,198,254,233.79569892473117,101.38555736889013,-0.9905155099926822,0.5364598072835909,230,356,313.0311827956989,437.92044746924086,-1.0017721972057225,0.7959871022602414,201,368,311.0860215053763,1086.0571779112702,-0.9860300606418898,0.2030692626342243,160,344,278.0290322580645,1666.426497447828,-1.008920334827199,0.038822128989231874,241,526,425.89462365591396,1329.1105200412053,-1.5578637111956388,3.990204302089638,469,1252,767.5806451612904,8903.757213792145,0.4134723932681336,2.938070563635189,279,734,499.48817204301076,3407.4621850295725,-0.12317536583182777,2.6932066742181764,332.0,6090_3_0
239,263,251.64193548387098,17.991135108857947,0.34294747353487653,-0.3842286088761573,203,254,228.13978494623655,77.9201592647893,0.4837823439782772,-0.4837459071372887,235,359,307.4548387096774,319.8650196187368,-0.0352902701321995,0.5988096109844032,214,372,295.8225806451613,776.9857113094205,0.38826235687689603,-0.3661040070210144,174,342,252.3784946236559,1215.3119159230066,0.4638208610965689,-0.6546315162818734,264,516,441.4612903225806,900.9419875690128,-1.8540112585755202,7.453231329432924,444,1187,834.6150537634409,6277.4512263157285,0.09570940168879587,3.246103179718653,278,734,539.5516129032258,2292.4951803882077,-0.23177232592918412,3.8809666790288544,333.0,6090_3_0
240,260,250.18494623655914,9.649288748451914,-0.11862998326109513,0.010769120063723214,208,240,224.71827956989247,30.331743000335653,0.026806913261200122,-0.3719793423601847,258,353,308.16129032258067,209.56491544845306,0.08409227995457919,0.09741704314145894,235,334,282.1774193548387,258.13748741275737,-0.18084097461931342,-0.11198972922370443,178,270,224.88924731182794,245.144878873109,-0.16985274809140974,-0.21463807725445072,359,552,464.7978494623656,1032.273407641469,-0.062326373301423994,-0.1842908758829589,681,1176,939.763440860215,7475.140965542785,-0.037158814882258404,-0.4015514417514794,432,737,596.8225806451613,2658.8866800930587,-0.018883936340697554,-0.31501287488615004,334.0,6090_3_0
240,262,251.56129032258065,7.434883155665128,-0.10481547825829941,0.2149892377446534,213,240,226.55591397849463,21.198700186349065,-0.17918545029736158,-0.006206809447532713,265,363,311.0301075268817,200.99371042976028,0.3202264063031061,0.8190880135932708,233,333,286.28172043010755,193.3392779841893,-0.16649806480248186,1.1458856873294572,187,265,228.2516129032258,179.86557866592588,-0.22749022743485844,0.008684071814605065,352,574,455.23333333333335,1418.336239684248,0.31509590257145453,-0.128780102748701,654,1227,908.1698924731182,10335.357542507263,0.14427872019286342,-0.5573360369631768,420,767,576.6752688172043,3859.2894845885858,0.12360318903703545,-0.5692903424284639,335.0,6090_3_0
243,266,252.45758661887695,11.375292254748961,0.3432332886506455,0.802046276949441,207,261,228.58661887694146,46.57532312371022,0.7339529432811384,2.6505102343006577,265,433,319.131421744325,492.930076086273,1.32879732858557,3.941923584200416,229,399,292.584229390681,513.8747749138241,0.8985677730259347,3.3889490319971314,177,309,231.35125448028674,344.3310181612389,0.20683596805246326,1.242375982290426,367,678,474.8709677419355,2064.1507948757526,0.9892382475389364,1.811296469343378,690,1323,962.0645161290323,11934.950378144775,0.38045390992854644,-0.03230165496396609,439,835,608.1362007168459,4268.065159232391,0.32346610698534073,-0.08722825110658894,336.0,6090_3_0
238,272,257.16129032258067,24.611201777839515,-0.23867056683244073,0.484469580384836,205,270,240.61612903225807,113.15603666793986,-0.26598798698984577,0.26423126068199165,242,387,327.1161290322581,435.00695163026495,-0.4831679556929639,1.4844015548028802,220,418,332.18924731182796,1076.6035441045408,-0.5014201275409749,0.4870431975611029,181,403,302.5451612903226,1769.7530712871974,-0.5060823395516844,-0.06020151028506504,254,529,444.76666666666665,1174.710836024399,-1.0427961113839865,3.4679553483250922,447,1117,793.4935483870968,7583.115674155352,0.570343649874129,1.7745317476608662,286,723,516.0440860215053,2951.7515527159508,0.4025298728392167,1.7758722120425636,337.0,6090_3_0
251,295,261.0430107526882,12.336145930992974,1.411956468178512,10.937481456602699,228,291,246.94623655913978,38.3781612787481,0.7673644514690416,2.8815484193189986,304,417,334.47741935483873,146.72123337615886,0.8448397253017679,2.248027783932362,288,489,344.2032258064516,316.76920379179836,0.9838928882643926,4.936917859176252,249,467,319.1752688172043,489.4687095616746,0.4571867023346733,2.2839186090190378,381,505,436.7774193548387,506.1926004375152,0.178217074653757,-0.512776215462055,630,979,747.8043010752688,2391.9444378855746,0.594693257251738,0.4850324932840495,418,606,485.1645161290323,860.682270217716,0.46188648386229136,-0.1113128056684416,338.0,6090_3_0
249,295,260.14516129032256,16.130681620889618,1.3042001607398694,7.981544753600483,225,295,246.23333333333332,52.94119124506637,0.6282344822524877,3.7589267514370173,303,425,337.38494623655913,166.5125826128222,0.9372574516521925,4.316439985501402,286,490,348.4193548387097,432.7109274627592,0.6206901680838912,4.753843236501366,231,482,323.4193548387097,842.0822945241155,-0.04443672492380429,2.1748833172258424,408,532,455.16021505376347,451.3962626017107,0.5707818366488345,0.12937641913970177,676,1094,790.9774193548387,3503.0769922566756,1.3971136638735713,2.99202587069232,444,696,514.4139784946236,1194.1545944882344,1.4118382128356113,3.142602258771827,339.0,6090_3_0
245,309,258.51075268817203,20.03271525631677,3.636106656371276,31.100899763338454,216,321,244.0021505376344,56.12701366945611,1.9028277571738896,18.795377716508614,272,465,331.10860215053765,194.2368473442365,1.6964881899851065,15.257065398248372,247,536,343.86344086021506,484.9813315277151,0.5180997246547872,10.194304134184176,195,531,323.65806451612906,900.0853224070279,-0.2483025515307284,4.738234523075373,346,618,443.78387096774196,598.7379527066912,2.13514243715593,10.968640974945462,657,1122,773.7086021505377,3703.3434135444513,2.029964234317565,5.852654691911367,421,725,506.794623655914,1201.0395835503548,2.1667659840832725,7.489354158392219,340.0,6090_3_0
242,297,258.252688172043,18.294529902658656,2.493109317798572,19.91411333237517,208,301,241.78602150537634,68.13823280900957,1.1818845078005749,10.026207476447706,243,429,330.4967741935484,234.31699711795545,0.5840368736457605,9.254095679542184,218,500,336.10645161290324,613.1328969755895,0.6885507915645409,8.015731344179745,176,503,307.7935483870968,1152.9734782457724,0.2396019612752016,3.255175663150135,273,582,451.7096774193548,767.5345671724713,-0.04131940112821751,6.460675763444277,521,1163,797.6978494623656,4625.619048115097,0.8429089855733778,2.5857728723637603,321,735,518.489247311828,1562.0520909290833,0.6387383527963387,3.002655734013782,341.0,6090_3_0
245,287,256.7430107526882,16.877911270067244,1.0360022614832836,4.205624728204396,211,291,240.78602150537634,64.63338889081797,0.569242732825123,2.412638499873781,273,411,328.88709677419354,220.70090975381086,0.7102467624074156,1.4592990553652365,253,465,335.81290322580645,557.9692628216258,0.24578627868164232,1.0904481597089122,205,464,309.3505376344086,989.8274754910472,-0.3321677042559102,0.8411328203538488,385,541,452.6731182795699,581.3332916652198,0.5888619966632785,0.34267138041376466,665,1141,798.8666666666667,4363.670039468963,1.8200441502380933,5.901425746577711,401,743,521.4086021505376,1450.5799043948282,1.9228074110141744,7.052618846697898,342.0,6090_3_0
244,278,254.08709677419355,12.94289037813813,1.0462199047668321,4.308408516322275,216,278,235.64193548387098,45.799531233723386,0.778738967977558,2.9822364398144074,285,408,337.81397849462365,374.15158049469306,0.5904826213890567,0.12345474289700098,267,449,332.5806451612903,479.5720684745998,0.48434939156205975,1.3771443244447559,206,434,280.9451612903226,791.3565158512447,0.8097521333098215,1.9279986382421388,392,641,502.6268817204301,2411.4569730430458,0.07346139669029031,-0.9343817712452824,694,1168,910.1322580645161,10668.052456682524,-0.24836996471358483,-0.899371452107216,427,727,583.5408602150537,3687.2001585703206,-0.2322705830800056,-0.9407446318102037,343.0,6090_3_0
245,269,255.68494623655914,13.966296283435767,0.20327673223981604,0.17550569759276957,211,267,237.79032258064515,61.93768880863919,0.15612937170071173,0.48707228889837406,263,400,332.2021505376344,259.34122249615143,0.23140307331032453,1.7637774521736596,237,421,330.48172043010754,617.2380939152979,-0.000452715910980837,0.9524697028512183,190,419,289.547311827957,1150.8852726367813,0.1486631648564272,-0.0023700024629560446,304,607,469.5,1001.6582346609257,0.04598328816239798,1.1620599976801174,576,1190,837.9365591397849,5412.948608169266,0.3708136492395915,0.8922725896370656,374,757,541.5344086021505,1836.5160375938979,0.4706911453555853,1.4587542890908027,344.0,6090_3_0
240,271,257.6516129032258,21.807451647626653,-0.47396870468800323,0.011266726367606061,207,266,241.2225806451613,110.33684155699851,-0.816840382863492,0.3989077578845803,238,369,329.18064516129033,523.1578596479045,-1.5413806038645785,2.321281554370789,216,400,333.61290322580646,1270.0114587312057,-1.241904983419435,1.129056188752446,173,397,303.8279569892473,2123.9746750465874,-0.9329879335387764,0.2058963913235008,244,551,447.247311827957,1470.1648205377503,-1.5889422140014173,4.838224271077864,402,1077,797.4397849462366,6823.213270136694,0.17627892187596775,2.3312573674983135,245,683,517.9559139784947,2598.765546257393,-0.14622934876109425,3.184374307466209,345.0,6090_3_0
241,277,259.44408602150537,17.42259684942764,-0.3624224607799259,1.5928319014907792,210,274,245.13440860215053,71.03788904707342,-0.8882002556346087,1.810170836891988,246,390,332.9913978494624,286.6307117145271,-1.0961297511042614,3.3977583833468605,212,447,343.9247311827957,725.9426600460664,-1.0784668387098013,2.6396374270775116,177,443,320.77311827956987,1192.2143465629592,-1.0621853608453815,1.9281637666449685,238,526,440.73440860215055,655.3405801127354,-1.6625415565961843,10.579004586839872,454,1062,761.0989247311828,3522.1904186487955,0.5981056692011668,4.702985269844303,282,643,496.98817204301076,1290.3970612405524,0.21317171091848142,4.743687624449372,346.0,6090_3_0
242,280,257.7032258064516,16.49740615993611,-0.21956436613923658,2.4733640753384316,212,278,241.0010752688172,77.30570390175583,-0.7053231060037989,1.4064086776887006,241,390,328.4989247311828,294.1318610599905,-1.0576926027442262,2.6987620488398676,224,430,332.1505376344086,804.9482505179577,-1.011575348981145,1.626419264574726,184,415,303.0516129032258,1382.399916663773,-0.8467330840813624,1.0199083828368831,263,554,445.36021505376345,653.5870053358334,-0.46604316366366605,5.0132408540908795,503,1062,792.3494623655914,4715.420263435073,1.0752109964709722,1.776936635157611,289,661,513.9881720430108,1598.069827656053,0.7313803056897124,2.4314338794180737,347.0,6090_3_0
243,310,256.88602150537633,38.33790988113012,2.311353414922988,14.468444799179672,210,332,238.652688172043,143.54447608134544,1.449142528016075,9.224870028503684,260,502,322.66021505376347,612.8575112561779,0.9255437683431114,6.627172150503599,235,585,322.7903225806452,1378.20248966978,0.8967253276801748,6.569413919865694,190,572,291.9559139784946,2030.106773383335,0.5799222877705923,4.042987587270368,346,588,440.59354838709675,919.8776763082052,0.5060950662759346,1.877082671058373,650,1096,801.158064516129,3780.835053300462,0.9472344680062431,1.47286497123015,431,704,521.5978494623656,1334.3052698589072,0.9454100055614384,1.7347414673047927,348.0,6090_3_0
241,279,257.64086021505375,15.287456740396076,-0.16521673865431602,1.2324628836139615,211,267,241.7290322580645,68.08365568248898,-0.5296548927572376,0.314252005872635,257,376,330.8698924731183,291.2672303436463,-0.5753907186432323,0.60191349982991,236,394,334.80967741935484,664.1069030174658,-0.777662351124184,0.6705508337509851,186,380,305.2806451612903,1103.5002708427373,-0.7020895965314403,0.38423538140052393,345,538,453.0301075268817,774.2983390626987,0.1631296936062846,0.5337952406284172,641,1108,809.3731182795699,4707.3837760570395,0.9943631796726069,1.4639284357160722,424,693,527.6,1623.1229278794406,0.927722191171525,1.3405547154638162,349.0,6090_3_0
236,283,254.34193548387097,40.62784124448765,-0.09587373573678463,0.24866515831009206,199,280,233.09354838709677,196.1128754470641,-0.2417131978676107,-0.735720146179788,219,393,311.8010752688172,832.4824530944362,-0.4567646487689287,-0.3503268174532268,196,433,307.1301075268817,2042.0767028947762,-0.2751644274730039,-1.0110158185163556,157,417,270.10322580645163,3194.0711413590757,-0.19011234549050843,-1.288009914026598,212,539,425.1311827956989,2384.333687512298,-1.126548784611315,1.7636037239381155,355,1100,779.3129032258065,10223.09789576027,-0.39117651250746255,1.4743906649841758,223,681,507.65698924731186,3713.698148083845,-0.7189062681513593,2.1005359729670845,350.0,6090_3_0
236,263,247.51397849462364,18.450288783175342,0.3586683226855966,0.39432576417932985,196,240,216.68494623655914,57.88664073984051,0.3298988271219575,-0.061170061629747696,220,311,276.63548387096773,276.93372339317335,-0.806837289183974,0.4599259677954639,192,319,250.78817204301075,458.13053809738767,0.00957920512764338,-0.020458078798850643,151,300,202.25913978494623,568.3881025961549,0.9962126403625402,1.1337416745251643,207,502,384.2516129032258,2548.2660092364317,-0.6104984208192051,0.2401906387421877,358,1069,765.4430107526882,18329.816447330344,-0.26318493185135927,-0.5206115724205422,229,684,490.2505376344086,7406.896259129368,-0.3416482189552042,-0.35217177193563964,351.0,6090_3_0
238,266,250.40430107526882,17.750250587404654,-0.06014422320974088,0.022335182497538852,199,258,223.76129032258063,89.99247196083196,0.13028806513182123,-0.5220951746243747,227,362,295.8720430107527,458.0643413544453,-0.05370232183610248,-0.1515559560250357,192,379,277.51720430107525,1098.0002419065474,0.33415391167651776,-0.6910753968141838,158,369,232.00537634408602,1701.8481949604732,0.6734086743232996,-0.5357848723831315,243,552,422.26559139784945,1555.7948319964814,-0.6973776069217197,2.3432925050037516,444,1088,822.5,8599.085575888052,-0.07590846761029268,0.38668698903417464,308,690,530.8322580645162,3253.0762457029755,-0.21673765572328996,0.7607317258752371,352.0,6090_3_0
236,265,250.79677419354837,18.812260842390362,-0.6209308306169347,0.524936497307507,201,244,226.6462365591398,85.04694491706888,-0.6208987245794784,-0.09160863853113721,223,358,300.96451612903223,562.5057363102886,-1.0538082366790567,0.9088701737192411,199,356,289.63440860215053,1092.4926791439518,-0.6226256261275788,-0.28672387638198904,165,336,249.63333333333333,1546.533871546466,-0.15685170104518073,-0.9107413485501414,210,569,421.26344086021504,3276.652806231698,-1.264522501454805,2.0557259723361536,380,1233,796.836559139785,17752.2768105374,-0.34089414323896655,0.9127535660960104,214,773,514.3064516129032,7014.102972325427,-0.5349180181241772,1.3336367997196765,353.0,6090_3_0
238,265,253.23655913978496,17.265830989501953,-0.5035529395982681,0.25122191921356496,202,258,232.605376344086,91.57176869567232,-0.5196540535977817,-0.027844130591368366,230,367,313.05913978494624,451.1321284303853,-1.0727099784022256,1.671741820514109,203,385,309.0247311827957,1083.9208085928906,-0.7401175733180355,0.1807316218459536,167,367,274.5741935483871,1758.1478801347266,-0.5488968364713711,-0.5428082707978108,223,546,433.4301075268817,1532.9472088151206,-1.8155242526597708,6.189254358786767,421,1150,798.6215053763441,8652.91794391009,-0.2347042960122827,2.4362621466130756,253,721,519.2322580645161,3392.070863571652,-0.702221236665614,3.513567498126571,354.0,6090_3_0
239,263,254.11290322580646,12.395204694607456,-0.8761397880076633,1.9896699662411264,204,253,234.9225806451613,55.369672558074924,-0.9615449875362166,1.7959832212539464,229,370,316.71827956989245,336.54918110582537,-1.1189745959222532,3.659379692913241,209,377,318.02043010752686,687.04048635948,-1.273274950426866,2.530273271314142,167,362,287.6645161290323,1043.5148859335395,-1.0915159608009384,1.4471668252954046,231,546,431.6795698924731,1262.0759007835918,-1.6076326748793266,7.642448057795548,365,1028,773.1451612903226,6246.711951803881,-0.3141103127437185,3.7834749266484,234,671,505.0806451612903,2362.6619500677107,-0.7191212974384102,5.097986636205082,355.0,6090_3_0
238,265,252.63870967741934,19.283752908087088,-0.5712955451281835,0.7197623573296417,204,252,230.8548387096774,84.89279141636862,-0.5171162348063145,0.20343834040172348,230,359,311.0494623655914,483.6574001412086,-1.2126529738011051,2.2184410247949096,204,369,305.10645161290324,1017.1845654362999,-0.7568989941391094,0.6237982533485402,166,345,266.952688172043,1483.7243469101936,-0.4201545971665625,-0.4041326983374227,219,551,433.76559139784945,2257.368028982488,-1.5138780912493643,4.058263043177467,371,1201,805.1989247311828,10591.834444483025,-0.1568542185907419,3.243322399137149,246,790,521.7752688172043,4336.531788140792,-0.3497486539923137,3.4961236047020705,356.0,6090_3_0
241,265,253.33548387096775,12.561172262925796,-0.045039073433891116,0.30150875166346225,207,260,233.5225806451613,66.96235285947428,-0.1492809878010239,0.2654263422850329,250,408,321.44408602150537,425.52162806578934,0.19653147722300207,2.3232197562708876,226,418,319.10752688172045,856.6342812829149,-0.5249436377113104,0.910417773030352,181,364,277.89677419354837,1132.5447689155874,-0.6273164152671707,0.07101615009655315,299,645,458.9,1694.6024757804093,0.5082258625785351,2.7261379677635205,573,1150,844.6612903225806,7771.860394458141,0.6354332379272531,0.6592486342151411,356,744,549.7505376344086,2904.28000509277,0.6209764683687092,1.144173001137875,357.0,6090_3_0
240,269,251.11182795698926,18.803412155514657,0.7243215222441791,1.1559380928664114,209,262,226.28924731182795,83.79460976654282,1.1331298175205238,1.7514851538815304,255,405,305.0537634408602,626.3028114402119,1.3080523375342104,2.2277971119982096,225,412,288.91075268817207,982.1847066449067,1.113632659217431,1.6950305614337635,181,348,237.81720430107526,934.7394238225866,0.7469139215543631,0.3107156102026103,322,617,428.9924731182796,2717.7878873109025,0.9485737527781777,1.0723008101747933,586,1120,804.6956989247312,10742.261445420558,0.40916133870734267,-0.2395505441842687,381,729,521.8376344086022,4349.578560598169,0.5294637805869796,-0.11017010671700023,358.0,6090_3_0
238,259,247.88064516129032,10.053553942845236,0.27673595984651356,0.604314978768659,200,242,218.81505376344086,27.709568619280763,0.2943332885557485,0.9274365007451988,231,332,282.8795698924731,163.13725708068566,0.035973066344657814,1.2054849202957545,208,334,260.84193548387094,243.4227820410431,0.1663818672301142,1.1752163206879418,162,288,212.66451612903225,325.7775339421508,0.5812941081581116,0.7476762865327253,253,513,384.46451612903223,1510.2188687107189,0.46734553661826195,0.2848284265400114,474,1057,745.2602150537634,10321.856865400421,0.6718062006480177,0.23176765711857072,302,707,479.694623655914,3957.3210690186,0.6890026914282599,0.36609488679724533,359.0,6090_3_0
235,278,251.02903225806452,34.91304211951804,0.4983353297376459,1.498511499550096,197,275,224.2311827956989,107.08858525180273,0.41636336174983235,1.5973752811223871,219,387,292.3720430107527,472.20589140826655,-0.4272728737885326,1.604972257886697,190,438,275.48817204301076,967.2834982696158,0.3643428615045396,2.1631300049591546,153,428,231.67096774193547,1469.0197159623597,0.7215227498483512,1.358832645581363,206,532,392.9247311827957,3514.9631121450975,-0.41653144527405034,0.09621314875592457,338,1158,745.6860215053763,25563.212398578657,0.15777163620127715,-0.6380551430203409,216,736,478.73440860215055,9432.44714631295,0.09954240845335482,-0.5425743937521839,360.0,6090_3_0
239,293,254.54408602150536,30.444233017350136,0.7886257495973303,5.271682752761372,198,287,233.94731182795698,122.97999814808384,-0.33350308224358505,1.1630142013039615,225,397,314.59354838709675,521.3954373415743,-0.6994987298100624,1.2803963153117826,206,450,310.2451612903226,1202.2756762387583,-0.555514289201543,0.35181811527392126,163,418,274.47849462365593,1757.5587404655257,-0.5426875431598481,-0.034487086396880695,239,544,436.11290322580646,1779.5900378485362,-1.2806924338644299,3.032055835004271,432,1182,803.0569892473118,9355.562948944988,-0.15851577150848875,2.0183472686681956,272,734,524.1591397849462,3605.0123221871136,-0.5308870532497267,2.1996846518134143,361.0,6090_3_0
237,263,251.08064516129033,13.994565783534155,-0.1716717445138331,0.4653634647305056,200,249,226.98924731182797,59.60160653726403,-0.12112680023479269,0.1717994753069889,227,355,308.2784946236559,327.8911408960959,-0.9399028171040262,2.5295660578437653,203,361,293.06021505376344,684.6400731506881,-0.3976879798816219,0.4922040488560073,161,328,246.34301075268817,966.2837239718972,0.021555156751472956,-0.42249942599869117,229,548,453.01827956989246,1398.4872865955992,-2.3052070985306066,10.670393641246942,421,1107,865.6193548387097,6888.847418313135,-1.252305138874625,5.970886843050813,266,686,558.6903225806452,2742.5520052779607,-1.8885399697839604,8.505514480419546,362.0,6090_3_0
239,264,249.84408602150538,11.253382640600949,0.06289265796252913,1.1953302123926663,197,245,223.18387096774194,41.151300392374736,-0.47183572358844417,0.980860742596593,227,348,299.2763440860215,286.5424968459553,-1.3091357920454396,2.7002624437656246,201,332,277.8215053763441,452.63118395314655,-0.807087975387704,1.127866881494512,158,302,226.35698924731182,580.6948111624247,0.13779465263717905,0.18035543780627572,236,563,438.9989247311828,1853.7470386703244,-1.6130102884252024,4.651452807804099,411,1191,863.674193548387,11436.969085732144,-0.6779963273792696,1.5930890522519876,265,740,555.758064516129,4312.8359144414735,-0.9043729201348166,2.28652447615958,363.0,6090_3_0
241,260,250.54599761051375,10.764927143534951,-0.2241412949224595,-0.10849126895782657,201,241,225.00358422939067,44.89592015228687,-0.38266730760004714,-0.08877230546307713,231,341,301.85304659498206,276.2953645109842,-0.7136045833763935,0.8164569075149348,209,340,281.6762246117085,524.7072450595372,-0.260246251497391,-0.22325609375968813,162,308,231.17443249701313,768.2757570041101,0.27281753108493484,-0.6920559286410928,275,540,440.6415770609319,1322.557982198899,-0.9486806614722492,2.4392456707961285,506,1170,876.3608124253285,10910.752433788935,-0.015457512864968551,0.05181069890445311,320,752,562.5639187574671,3839.6720458689897,-0.15107024331179655,0.44837186596980727,364.0,6090_3_0
242,273,256.4268817204301,18.244917068879705,-0.2765041777175102,0.746628117683942,207,264,240.6483870967742,82.50163894579673,-0.8627582482593176,1.369294826439984,245,390,328.4301075268817,423.3713207634524,-0.7971125446266027,1.9495428649652347,222,402,333.6978494623656,832.8203398266144,-1.0880175304991466,1.9159292901676572,184,377,300.3301075268817,1364.3247115061865,-0.7643379675877094,0.6826153154075678,270,595,441.10430107526884,1271.6715638274477,-0.19537149433102888,3.766087944984898,472,1105,777.6010752688172,5569.574810467957,0.6634862699885677,2.3971698654870996,307,696,511.11182795698926,2330.2049191522856,0.44697633054607716,2.4722041790238816,365.0,6090_3_0
241,269,256.72688172043013,18.14276421635011,-0.43219560048830247,0.22651129990751206,204,261,239.06129032258065,69.65716517934652,-0.5442445253711503,0.6434543067278589,232,364,323.1193548387097,241.27637417965903,-1.2020607875251454,4.426304941090779,205,384,326.9978494623656,619.6512332604141,-0.991269204289385,2.199300983644619,168,378,295.7913978494624,1074.5613898630738,-0.7063981183151451,0.8263355893800619,254,512,438.2537634408602,780.4156209127632,-1.3261594221476567,7.004020252813637,447,1158,780.7881720430107,5944.578331423544,1.323995687009173,6.504679109490423,291,750,507.3752688172043,2268.4758139750224,1.2347001248281,6.969034497580724,366.0,6090_3_0
248,268,258.289247311828,9.9000995404933,-0.20082012977123387,0.3546156047691178,220,261,243.00537634408602,36.681348889429046,-0.4912753572556846,1.044465273641534,294,366,331.23763440860216,114.31698901582227,-0.15898142946286353,0.685435222964816,266,389,341.06236559139785,313.57199439795363,-0.6365115039992731,1.3749461328064276,224,389,315.4161290322581,668.6845619639571,-0.41912078430016564,0.7420847613765336,405,523,448.40967741935486,392.9202507031494,0.2177446842799954,-0.3557397382047651,674,1042,781.3903225806451,2742.281284072363,0.6788425424830812,1.219285001710709,441,679,510.0731182795699,909.5188675532715,0.740191450989638,1.7538095343641595,367.0,6090_3_0
249,268,256.9236559139785,9.075973702790607,-0.013450749339724477,0.09955588713429009,217,254,240.28064516129032,31.92007708600993,-0.6337285847183921,0.4806931887103967,284,362,324.3333333333333,93.52924291352709,-0.29603411709836946,1.3965195571647016,267,371,332.6215053763441,317.5142840607892,-0.7724755204158122,0.5930612106048043,210,363,307.7548387096774,806.9775061634085,-0.6981882614221848,-0.01932138614634349,376,542,435.14408602150536,527.8134472261769,1.2234536533833908,2.504672218731886,658,1043,765.1978494623656,4160.1933215273675,1.2535443739809893,1.5665196969009223,429,672,499.9548387096774,1325.8709399631932,1.3798943516065412,2.2413071261445587,368.0,6090_3_0
244,266,254.78494623655914,11.861129437364722,0.20881855845872346,0.09084251542889232,216,260,235.08924731182796,45.74121902380869,0.2671955079870894,0.2883941317363248,280,390,329.2989247311828,270.3174369480422,0.5130821645750542,1.128847156536036,255,387,318.08924731182793,471.94143430906166,0.16838330111330047,0.343922729741331,203,367,269.005376344086,720.4337708485249,0.279314687414178,0.06474008203191683,381,609,484.13548387096773,1341.7361991735827,0.26852229907262587,0.23838139097318312,693,1179,910.2182795698925,9832.726253226385,0.4035786613610216,-0.4276179239068534,461,754,582.6043010752688,3568.9132215238956,0.4899356992577534,-0.3323457763408366,369.0,6090_3_0
246,263,254.23225806451612,10.415319976388071,0.020265361074433705,-0.32683091152453647,212,257,234.0215053763441,40.774563931618,0.15509485800615253,-0.10455951216986836,278,406,326.8688172043011,238.3982730881859,1.3840686351181777,3.959924962015683,252,406,318.43978494623656,404.903259372432,0.24625161819420838,0.7138986324177425,202,365,271.88709677419354,775.9710927462758,0.17941859545971026,-0.22455353246629262,385,642,475.447311827957,1609.9008808176209,0.7239162723322734,0.6999250868371001,669,1171,861.7193548387097,10066.740313899787,0.6250188916771307,-0.0425085740155704,453,740,555.3301075268818,3609.8080268990825,0.7582313444580611,0.14058686808646748,370.0,6090_3_0
246,277,256.405376344086,13.272522194057663,0.44105832672724526,1.536453075215455,218,277,238.78924731182795,51.95984119818975,0.39860507878032847,1.2386223000168908,291,406,332.53440860215056,207.61183953146522,0.36832476779444817,1.4721900288778667,260,470,332.4451612903226,497.7757838813847,0.4442568250953071,2.3186229523114976,209,471,293.51397849462364,952.7602995474381,0.591897808455885,1.5704916541334537,385,602,473.35913978494625,961.5565633065962,1.0880101668217483,2.103002052204367,653,1089,839.141935483871,5027.450230910796,0.6731812796743155,0.6237094314293286,449,681,541.2236559139785,1674.6625183744804,0.7161688607525081,0.5946065419792861,371.0,6090_3_0
248,268,256.51827956989246,8.512582612822206,0.2589924479217574,0.6917716739003725,221,260,240.38817204301074,28.730753382640604,0.031839211653459064,0.6241395855131007,303,397,337.06344086021505,155.4480699561327,0.657210103519568,1.344661283130586,284,413,341.1247311827957,307.2782897554313,0.14880320368864966,0.8273737162460479,227,384,301.8817204301075,556.713659039087,0.06144128739650881,0.3860356738522883,416,588,474.6752688172043,722.0731229093602,0.366853310290058,0.17267420818671875,691,1067,824.7645161290322,3512.6258654814405,0.4085361046420934,0.2739628739308375,452,668,532.9225806451612,1135.1005659918746,0.4008995183427665,0.26678783128740324,372.0,6090_3_0
247,266,255.1043010752688,8.612360382883665,0.15001403582211834,0.28304596512778657,214,255,236.6268817204301,31.286897693206946,-0.21200144519361608,0.7931864176676706,274,358,325.0021505376344,107.13885435836895,-0.34981341711177905,2.543204741553394,246,380,324.18602150537635,316.8297290415177,-0.3644940776075586,1.5431940761434415,196,358,288.4021505376344,723.8919221732236,-0.1345078520591632,0.07386546184595222,348,542,452.6784946236559,548.7027662997558,0.24657473954642375,1.3263072506473508,636,1075,801.3344086021506,3607.652313159022,0.7691239511601209,1.0789953913235344,410,671,518.4774193548387,1185.2163894579674,0.8626037078165183,1.4835304789115211,373.0,6090_3_0
242,295,256.08924731182793,19.650799217565424,1.201607648799141,7.1000214010791804,207,305,238.08172043010754,74.93411113811823,0.6441293261315414,3.8618626919955608,251,451,321.1784946236559,273.16509138048775,0.34097979735490064,4.563936046237538,222,510,324.88924731182794,744.2083880227322,0.1020169585133762,2.275167647332867,176,505,295.2989247311828,1363.8674907693555,-0.0017908158084122873,0.7594774219896276,308,564,437.3021505376344,851.9484345521256,-0.5445848508029796,3.4913656074014616,505,1129,779.7258064516129,6024.352078197159,0.504130596439286,2.348883333809301,330,721,508.7225806451613,2253.5655821382684,0.3289873364717785,2.6841047495210804,374.0,6090_3_0
238,280,257.9043010752688,28.887494936166764,0.1122253243786729,-0.026188091687524118,203,275,241.13763440860214,107.82818384897622,-0.08131507183406221,-0.11097393447110804,230,398,324.98494623655915,372.7683414933388,-0.24347090712971534,1.4792922944962772,210,438,329.56344086021505,892.741396113291,-0.24780354255454168,0.2771074948463581,169,441,301.9688172043011,1489.6621051656887,-0.3027948348420166,-0.13068230166550876,232,562,442.4720430107527,715.7392606224753,-1.5940907393677914,14.594042212936095,412,1074,777.0720430107527,5432.269292915263,0.1536900243525478,2.2743915279219626,260,659,504.84301075268814,2016.9591814530597,0.02726889483638149,2.8167055775626775,375.0,6090_3_0
244,275,260.94193548387096,13.66939129830897,-0.083020639416554,0.32850801771686244,211,268,246.9741935483871,38.957352685857146,-0.24967917864291678,1.6113721536477064,255,379,339.5817204301075,130.6504728173432,-0.4095234467435714,3.417877934308727,242,397,346.7204301075269,317.5191731194371,-0.372224563471748,1.7644777639711986,214,386,318.994623655914,557.2970647128951,-0.3094059175180564,0.8236193116446504,301,519,461.7064516129032,487.5079238862461,-0.5399493762971851,2.169100926316516,528,981,795.7537634408602,2815.565782376703,0.007900447335720023,0.3916666011435934,306,611,512.6408602150537,1078.1163049642928,-0.23579520417586025,1.5237416684884266,376.0,6090_3_0
244,269,258.0849462365591,13.563282289894323,-0.3866897637089003,0.4089960259827503,217,268,242.95698924731184,52.4889984605947,-0.5525062156063889,0.6702725489450798,283,373,334.0483870967742,193.98796833223375,-0.2604313001557813,0.11571416680744928,265,403,337.6225806451613,492.4871106635647,-0.7188048345131892,0.47648774853487463,215,396,307.3354838709677,897.9712906698148,-0.7223004685895154,0.40253896253175014,408,542,462.3989247311828,481.98385244858036,0.7119919198436248,0.4441470642456604,706,1112,818.483870967742,3500.6332164311257,0.9979298332065241,1.3095729946244612,466,679,531.2763440860215,1135.2766195585493,0.9275258189371526,0.9001738132407802,377.0,6090_3_0
236,265,253.79462365591397,24.56595599384238,-0.5149595182878798,0.0010105640289661544,198,258,232.4741935483871,127.8943817493663,-0.5909062055374225,-0.3700098620663872,223,369,313.73440860215055,671.8249719318958,-0.8621777128504655,0.3846628058259949,194,379,305.3494623655914,1435.8551396460525,-0.6360897574687218,-0.48785325144533775,158,357,264.4698924731183,2128.4086727548415,-0.37130232706081545,-0.9849781706823948,201,537,439.0397849462366,2187.665799738417,-1.3680667524545531,3.147303376927021,363,1071,816.9741935483871,9063.254446334942,-0.7058543897144351,2.1273022350461144,238,682,528.5795698924732,3313.393554174335,-0.9200817625046303,2.842470202196184,378.0,6090_3_0
234,262,247.0978494623656,21.78481775987592,0.24143132086199187,-0.023252053517355264,196,239,215.83440860215055,65.28579001585705,0.11824619049455475,-0.36303765212940675,214,364,275.2204301075269,509.91153049295696,0.005197818508472941,0.8875859574123752,190,332,249.0774193548387,594.4697802007014,-0.0007654869014915241,-0.006384638655046793,150,278,199.96236559139786,602.2795293818073,0.679717701967179,0.14169927398119597,198,572,373.4236559139785,5251.732055511187,-0.16000152865444245,-0.30221911133624646,295,1182,732.1752688172043,33017.25127145619,-0.16978196578846672,-0.5576355045394359,167,738,463.65913978494626,13297.04300033566,-0.24462473110233998,-0.41557617965287497,379.0,6090_3_0
237,260,249.17849462365592,13.961646816440387,-0.17103712348464079,0.019921745529081658,199,251,220.74193548387098,59.119552762248695,0.28034174009445395,0.5140371610984555,226,348,288.93548387096774,328.1142400777805,-0.33314276158317124,0.6745458268645077,196,361,263.61397849462367,586.7711714527125,0.675682165160251,1.5810731164369463,160,357,212.86451612903227,843.5445952984478,1.823351537658541,4.535971456366624,232,513,421.4010752688172,1562.50527333125,-1.322303562540695,3.3787259696774496,453,1089,855.4,9157.135844994616,-0.6822169531432739,1.2602336551982534,288,695,549.6537634408602,3429.765890019329,-0.8459228571247677,1.853489429484977,380.0,6090_3_0
238,264,252.30645161290323,21.584134865793946,-0.5368893589118449,-0.07313108247215272,203,252,229.57849462365593,111.62192668726924,-0.3820471072706472,-0.5514475484373254,227,365,304.7913978494624,639.9758139750222,-0.6115570941391474,-0.10997541419395995,205,393,296.88817204301074,1408.790495040337,-0.3394051166238198,-0.7620799191015815,166,376,260.4032258064516,2170.8113997013784,-0.054856357425104224,-0.9987276136843826,226,569,423.93333333333334,2760.2625044851093,-1.0187943754164916,2.063189279561408,372,1193,801.3451612903226,15374.745105732838,-0.09168792471096414,1.1865684416715423,224,764,518.7881720430107,5999.150990196418,-0.34737764711527513,1.4915795747688287,381.0,6090_3_0
241,279,255.38387096774193,16.159265946734266,-0.40762964455209405,2.0250739328755882,206,268,237.32903225806453,86.03801520886142,-0.786407311999303,0.3108272133149588,239,371,319.5010752688172,390.810009606815,-1.4179250507323253,2.4689063467219228,216,417,322.5043010752688,1011.5032107596327,-0.993599504587039,0.5566747632629547,179,391,295.2795698924731,1743.7430697825157,-0.7966409049870844,-0.21725097707531305,239,547,436.09354838709675,1456.087041216709,-2.1062455673396254,7.435192165916158,416,1179,789.9612903225807,9558.317122122296,0.19071820724750743,2.9533597562143328,263,771,515.5086021505376,3719.621562091276,-0.16265784425700716,3.4524221317923187,382.0,6090_3_0
237,266,253.92688172043012,12.057080685671957,-0.7717136320839734,1.6534226593751704,201,253,234.3559139784946,53.247785224023986,-1.0685854469135867,1.8290161009398584,226,347,314.68924731182796,222.8688831788141,-1.8837590706775087,5.661644058577265,205,379,315.40645161290325,580.1962984825863,-1.3043885444785737,2.284774602498901,158,358,285.38709677419354,1084.8403069551025,-0.9903654352389757,0.8327792665696068,258,552,430.710752688172,849.3834149333888,-1.4167145075521812,7.57696252827647,471,1237,776.416129032258,6273.360557658252,1.3553207913640848,5.33415903756126,293,792,506.6623655913979,2373.0075164646923,1.1104073260734624,5.788944297051589,383.0,6090_3_0
240,262,253.32043010752687,11.80894706992141,-0.6903175383230866,1.1685200558377895,199,251,232.7989247311828,51.650590876998045,-0.9484346543089074,1.7388942260791307,228,365,314.64193548387095,268.14398763845963,-1.5269609889859541,4.360245967675373,209,365,311.31827956989247,601.8383092005508,-1.3627305481211247,2.434685095712795,161,342,275.5537634408602,970.7855886199752,-0.8884284214638118,0.885165043350963,268,547,436.38709677419354,1154.9414910239936,-0.9795270419741959,4.441077194508172,473,1193,794.641935483871,7907.463686239105,0.9184447490865133,2.5128110916759097,310,756,516.4182795698924,2941.935725777515,0.8123645168809107,2.923468361154182,384.0,6090_3_0
244,266,253.19892473118279,9.255327152563169,0.2605772580013945,0.45637253594167637,210,262,232.29032258064515,35.03725823813327,0.1535563859961963,1.0030773768825751,264,390,313.210752688172,194.89417919603693,0.9780748414185638,3.878345835806437,238,402,309.6236559139785,352.74088220655807,0.09987105519138552,1.5087570111424986,181,368,272.5408602150538,628.7609766542819,-0.2512078855494796,0.10515650161839885,312,595,440.64516129032256,957.8244383485536,1.0030213313007665,2.6802798607030844,614,1149,809.016129032258,7128.480902114657,0.9991957824732793,1.0431902484306814,395,714,527.7333333333333,2405.6188015787584,0.9690547188239553,0.9298305125663258,385.0,6090_3_0
239,264,253.40322580645162,10.520764609882288,-0.5524106566544839,1.448724594211222,202,263,234.06344086021505,60.350115166035856,-0.6320537937137508,1.5688741734055611,230,371,317.0387096774194,274.4807389145456,-1.1723777902464627,3.8081154801968857,205,403,318.6279569892473,627.1531465212913,-0.9088842156831276,1.9519068939711746,165,376,284.2903225806452,994.1459772908781,-0.7457419093210651,0.796768080108194,240,500,436.02258064516127,866.5947532900449,-1.6273831297160655,7.510623578005882,380,1004,779.8397849462366,4121.923711471462,-0.5413493222940705,4.103082134025881,247,630,512.1569892473118,1544.2917971688832,-1.1003847050660698,6.392141968026829,386.0,6090_3_0
237,263,250.65483870967742,15.307000243063996,0.18559398249554745,0.13641546962805817,203,247,224.8483870967742,56.96191881662558,0.2712602285147276,-0.22886321770894913,244,359,297.03548387096777,310.3162852876836,0.15233034580173285,-0.07986654579069352,213,354,281.48064516129034,653.5588284315429,0.5170713260351475,-0.03199563717198295,168,325,235.0774193548387,960.4267231501093,0.7330059388724687,-0.1894209867407568,262,516,408.64516129032256,1688.293760200007,-0.13100144231975408,-0.2714022982061248,496,1084,777.9290322580645,10809.303892496268,0.2896917731756116,-0.42052823193822597,322,676,502.96666666666664,3971.1043774668105,0.2176865864438325,-0.43517878340525984,387.0,6090_3_0
237,265,248.9978494623656,17.862212808315103,0.3649501257720016,0.49904726357106766,201,244,220.4236559139785,51.80955820225239,0.25994729884819306,0.07509827117205692,237,336,290.3774193548387,302.0027188444043,-0.21412173124087888,-0.3140620335595181,208,345,264.1956989247312,430.35778557125826,0.03915648026312766,-0.08906622429401034,160,304,211.105376344086,455.8855469518617,0.9164554915631902,2.08214769852339,238,516,413.14193548387095,2010.324289037814,-0.4567567995429136,0.08373730424488457,449,1141,827.8849462365591,13917.199880782899,-0.3934138283676507,0.19380486740105463,282,711,528.7720430107527,5224.927527576188,-0.40235755134150936,0.28788509988532374,388.0,6090_3_0
237,272,251.93548387096774,29.5092885169624,0.40966228116681014,0.18442716048150842,202,258,225.16129032258064,79.17309628806557,0.3286689190478598,0.06938885719727894,235,356,295.0763440860215,307.36660879428683,0.16794264253708913,0.6024105097920431,209,385,276.8247311827957,606.5774286144194,0.34111536199215964,0.5418279729140929,164,360,229.88279569892472,1104.6051934673658,0.8374209878263724,0.4073551711747143,274,548,396.6645161290323,3134.5030452446267,0.18946852307424028,-0.6932906048092091,476,1129,755.4817204301075,25685.26823385071,-0.01565724117430413,-0.9581939853559827,309,721,483.81827956989247,9670.107953979883,0.0018339812659669968,-0.9141755552901607,389.0,6090_3_0
238,264,249.46236559139786,14.012037455004222,0.11211330109000199,0.44677579988568095,202,244,221.51505376344085,41.03368056761231,-0.20243586392272245,0.08385087167657757,242,355,290.4924731182796,246.7862726715048,0.0451299287392447,0.4938453006719419,211,347,267.39677419354837,397.2126914128963,-0.10255559786165963,0.2502081869697408,160,327,217.9956989247312,588.2088081762099,0.6095929889600044,0.7233924210182616,293,567,406.93655913978495,2272.6170688797065,-0.05213636133771777,-0.45107340694780795,485,1152,804.0731182795699,20754.696477886966,-0.2658695155705412,-0.7666659829488762,318,730,514.9150537634408,7788.532065928215,-0.2647813319062822,-0.7661163258027228,390.0,6090_3_0
236,263,248.67741935483872,28.304871696933915,0.24886169973259897,-0.6552583158607015,198,243,219.25483870967741,74.23100454876904,0.2684116000230414,-0.7074201845669181,219,340,280.3021505376344,407.90968320659283,-0.44296192288885455,0.11651959833350212,193,337,259.6559139784946,592.9299165480282,-0.014546238354267084,-0.18852419955366928,155,315,213.55483870967743,862.4754609535054,0.7220412925224172,-0.15895822977301188,195,522,380.3021505376344,4590.08406426149,-0.41985239676760266,-0.5116554696646429,274,1094,739.7806451612903,33604.22739678461,-0.32899138283231877,-0.9199161159950231,175,699,474.8021505376344,13198.412912485388,-0.424739530861699,-0.7015326089385461,391.0,6090_3_0
235,268,248.9247311827957,18.550547924062357,-0.21282066949715578,0.3462746343617469,200,244,220.97013142174433,76.05771924108087,0.10852979591608108,-0.6819896837768615,224,338,286.673835125448,609.0023408962289,-0.2033887270254766,-0.9843481393037545,191,337,267.59498207885304,949.5020322066163,0.18794695275174475,-0.8670842110996224,160,304,221.58661887694146,1046.0609690567246,0.4745841087394503,-0.7206125237872101,210,528,391.86499402628436,4721.301129575323,-0.7677089991487958,-0.3302513623541934,319,1165,749.05256869773,28429.43981695849,-0.5658667724483694,-0.0887864950180699,179,725,477.69295101553166,12661.052737333723,-0.7427617581308685,0.04550840916378096,392.0,6090_3_0
236,265,255.71935483870968,13.558397861036841,-0.4378324466710356,0.8867317571281808,207,260,240.0258064516129,58.419139553456716,-0.5693572949665454,1.4749085139067413,232,396,332.8709677419355,401.00163200111115,-0.34671727163031457,2.1692435885258954,209,409,330.85913978494625,577.5377258469623,-0.7754918590426532,2.9926291636820155,166,374,287.4215053763441,678.5777932104124,-0.5204308228501967,2.0089338958510004,280,586,460.8032258064516,1155.2970832320566,-0.10716736977004372,1.9235177291299062,571,1025,829.6838709677419,4255.21750060766,0.2680465700748951,0.04057154679130237,337,665,539.1623655913978,1773.3309825572649,0.08518932221055663,0.507896906735855,393.0,6090_3_0
244,268,255.25913978494623,10.364421218329342,0.02999864096782704,0.25795584850707787,213,258,237.11935483870968,45.30866696760304,-0.16515666723732425,0.33460790060812906,260,382,325.98817204301076,222.34108707478273,-0.04871499727160794,1.088824063500577,243,377,321.01075268817203,404.1699596050789,-0.33903979387365424,0.860942827411908,198,356,277.9290322580645,582.8259592346957,-0.013331636265034086,0.3270778465841273,322,527,455.78602150537637,604.211429795016,-0.5683977690076818,2.189942712723325,567,1006,834.0741935483871,3214.8136497795062,-0.040779172003648716,1.0579361668065443,340,652,538.6,1222.767707212056,-0.26953177547087803,1.7761128204349816,394.0,6090_3_0
244,267,254.7225806451613,12.364290426750927,-0.0470293123429314,-0.09592424450530412,214,258,236.78279569892473,53.485602509346386,-0.24571798991979962,-0.2595717589865254,267,369,321.4462365591398,185.56922694075027,-0.05055273425045829,1.004568797580414,241,384,323.18924731182796,501.41516950820056,-0.3967621622504515,0.05944356802132811,197,362,288.9172043010753,943.6174647267845,-0.40626463941891583,-0.30788433044391583,361,555,444.4215053763441,763.8479762028772,0.49538870729463286,0.1888073193455102,644,1120,799.4688172043011,6433.795043809391,0.9327883351828777,0.7752498045309286,433,723,522.6086021505376,2290.4559000891236,0.9001491830967253,0.7543709571991899,395.0,6090_3_0
239,281,254.46451612903226,13.661279905552275,0.49307003410620787,6.89262669746555,203,286,237.09032258064516,57.169443383450805,-0.2845113701556346,5.568201377655601,236,406,321.1290322580645,266.1727837772145,-0.8731547790079708,4.564465379494069,214,457,323.83978494623653,615.8289859601606,-0.6993288652494949,3.5332553371585034,173,447,292.7935483870968,1157.7786450918436,-0.45259099703712763,1.448737707624936,264,583,441.86129032258066,1287.0410187853745,-0.46717453255367136,3.2729629663191124,491,1208,794.8161290322581,7313.183593180318,0.6896123548294981,2.26701038417428,305,763,519.6204301075269,2720.829937382085,0.5232807213980094,2.985852798090465,396.0,6090_3_0
240,292,254.58494623655915,18.604724701089157,2.1778647515065748,17.740294080564613,202,304,235.30752688172043,69.54149333888908,1.1575421757661692,12.479647700791272,232,425,321.3043010752688,328.259292568029,-0.4579623751640083,6.239972171074784,208,481,317.89569892473116,620.6963216315381,-0.1258824902515764,7.499852299297315,174,466,279.28494623655916,962.0425072629837,0.07369312366160057,4.018948197367342,234,553,449.9913978494624,1633.1581605842798,-1.0351299057765593,3.6129739129734677,421,1110,818.0010752688172,8286.082883664942,-0.16296413071556592,1.2811496204021084,244,693,530.1376344086021,2909.1887866476845,-0.3922644659512273,2.2793183753225916,397.0,6090_3_0
242,268,254.86774193548388,15.197774228271816,-0.15896545624381217,0.3109546940319605,202,262,234.69784946236558,60.719155757723065,-0.36631145922391234,0.7292104370144781,228,405,333.4559139784946,525.3914881303749,-0.23403012771359372,1.2760286990723753,203,378,317.1731182795699,646.134691019364,-0.6099384233074507,1.1772937976414468,162,349,260.5860215053763,779.4290831857586,-0.02508855519806777,0.3277861912031437,234,630,505.347311827957,2577.462667685221,-0.41552661236775384,1.1606608542535204,512,1318,966.9623655913979,14515.637979327987,-0.17097156869255692,-0.23874399758431775,328,823,617.7268817204301,5148.980223850365,-0.25125520823166,-0.06433289384965013,398.0,6090_3_0
242,289,256.0731182795699,18.377855712582615,1.0676798736475315,7.700628534368031,208,288,236.99354838709678,71.79974304663355,0.0356262069001794,3.4792876801633223,247,413,325.3322580645161,325.33297336713076,-0.17863460109816592,3.018156665524063,227,490,321.94408602150537,688.5932104123987,-0.21448079113430996,3.8759953055958842,176,469,283.40645161290325,1115.0208410014236,-0.12743718518780972,2.2906660125067146,308,602,458.69139784946236,1180.6764598307811,0.13384887143623195,2.23617709770732,542,1118,826.8967741935484,7224.874155352616,0.5249381392172852,0.6201104144143188,335,727,532.9,2588.1891280947257,0.5032393056749446,1.029300840912665,399.0,6090_3_0
241,264,253.52903225806452,14.436723497343657,-0.2406257389109979,-0.30063961558587726,206,252,232.3279569892473,59.210950611711056,-0.45726624969713525,-0.30264885732362456,238,392,315.80967741935484,316.75921733393517,0.050231200998359225,1.5843997894111599,219,382,309.39354838709676,699.9655126914129,-0.4309723616502077,-0.25736685602599474,181,344,270.00967741935483,1097.0795617903398,-0.38217238748669236,-0.6096777621548046,251,588,450.7774193548387,1248.92241744505,-0.1883709826072654,3.859821872604538,415,1137,829.9752688172043,7236.825006655324,-0.02211340834917451,1.038397109486561,283,711,537.1268817204301,2493.8783939257155,-0.18399417368686635,1.6245152910390903,400.0,6090_3_0
243,267,252.6236559139785,14.056275102144753,0.00823175372251347,-0.10700407441027204,209,256,229.70430107526883,73.43130548514416,-0.08131227041685739,-0.7959200187894666,255,363,310.44086021505376,348.81727374793104,-0.2150277912936928,-0.4620719228863348,217,377,298.56344086021505,907.0341840573168,-0.0742896083635691,-0.8884732326618572,170,370,254.8559139784946,1634.5755570216556,0.25882177835260656,-0.8911017253962368,340,534,444.52258064516127,1054.893461578527,0.027216722934770954,-0.14490744877263007,630,1179,853.8849462365591,10182.304294130583,0.4746469889602612,-0.27400372837219633,403,732,549.7258064516129,3459.221830619119,0.4641561148709226,-0.3755882619631268,401.0,6090_3_0
242,293,255.01720430107528,17.364612197182772,2.7236774372886567,18.553497188264842,209,299,235.43548387096774,59.35482134796348,1.8142775948540621,11.555306367619108,253,439,319.08924731182793,306.05768834566015,1.1195347738856565,6.509989202902345,227,482,319.5462365591398,647.8175584800398,0.7109565949139429,5.504742604235961,187,472,284.8,1058.5584499461788,0.47627414122998746,2.753925430093558,298,590,444.53548387096777,972.5719365255738,0.6550259926174348,4.827123918839373,552,1209,799.3182795698925,6613.056823732304,1.7752249527102395,4.947524442896389,354,767,520.5881720430108,2508.976609141521,1.6382258989994811,4.721093643770773,402.0,6090_3_0
241,288,253.70752688172044,21.87561605148327,2.056769022169092,11.837556400869198,204,287,232.9236559139785,75.25035475768836,1.350911231730692,6.8967371318440716,243,411,310.552688172043,305.3002349618621,0.6178030881006922,6.207691814563695,216,481,308.3720430107527,834.2920055094506,0.81287250679428,5.369019923952287,180,470,274.52043010752686,1396.3488824843455,0.6606554666158101,3.0410463398866687,239,510,431.35698924731184,977.4655323680221,-1.4387821360090483,5.174018143051219,461,1061,788.4634408602151,5068.985206662269,0.20291604983119343,2.356006172415751,287,674,511.7591397849462,1862.757855018114,-0.15726081846621376,3.0886918224078004,403.0,6090_3_0
244,295,256.69139784946236,37.88636295241733,2.0595729602663106,7.469127922323054,204,308,238.66451612903225,122.66020347928747,1.455382830642049,4.646035912239476,242,457,324.73333333333335,416.99016864011475,1.451135670942372,6.110511255145628,224,521,326.294623655914,1130.9421669733904,1.65645295999714,6.1193941015118245,178,543,293.69139784946236,1853.3287741472507,1.351304882802888,4.054211723989936,269,554,457.1204301075269,789.3934465317083,-1.061615698695144,6.269216182563055,477,1102,825.0333333333333,4763.074237531396,-0.16615342025768798,1.5328996228843152,313,686,535.2193548387097,1742.5481718115211,-0.3371967934279393,2.275169700649683,404.0,6090_3_0
241,281,256.03225806451616,20.336956144310566,0.7906461828922402,2.8839720135739935,212,276,238.26236559139784,72.50805467782445,0.36390408078121594,0.9447746712859346,271,391,325.3043010752688,268.35186522680186,0.265100856508242,0.6849287644946429,238,436,326.5032258064516,740.2760929198931,0.07700526121954199,0.7243006028122094,193,426,294.76129032258063,1357.9558734678287,0.05730104255852997,-0.019547375846022952,344,565,456.1,605.4571582346608,0.5931102488341294,2.297749378056986,622,1114,820.7225806451613,4981.953095593597,0.9418320998281143,1.4524284836836374,416,686,531.9344086021505,1596.9956931374932,0.8750522241252359,1.3362669197936947,405.0,6090_3_0
239,265,253.93225806451613,14.050303829994096,-0.7651922864738846,1.6008804026057017,201,254,234.9516129032258,72.4120802805653,-1.2499280465766105,1.9244445439414655,229,403,322.14516129032256,452.09623598041594,-1.1134282935156237,3.5136460574655564,210,392,321.6537634408602,941.0662129472087,-1.5145549255209207,2.493274021653929,166,373,285.60645161290324,1389.9525955762351,-1.2256207112551445,1.2200082813629107,241,578,459.94408602150537,1562.0980543305902,-1.3109677305453147,6.06033198632737,411,1209,836.0215053763441,10260.60664143431,0.5886586457673628,2.415571107028084,253,775,543.7376344086022,3764.9084852483306,0.29602930333439414,3.210077129093756,406.0,6090_3_0
236,265,250.58817204301076,27.885112909013046,0.1143738227834622,-0.5547066810835788,199,254,224.43440860215054,133.8541430836719,0.5019271763091716,-0.41880384375020085,226,373,297.1537634408602,846.1711645080269,0.32770605812555964,-0.5518932915131378,201,381,277.9709677419355,1632.6848397513802,0.8635786109577263,0.03938558759100985,162,376,229.45806451612904,2236.323858467308,1.3153955083346924,0.9402504285631728,225,574,419.0698924731183,5286.446132388856,-0.5149531740476657,-0.5965590277889312,317,1214,821.6193548387097,33683.863564707106,-0.49321311186535804,-0.48405297044371354,201,753,527.8935483870968,13420.80351053856,-0.6117567040310641,-0.18120577483723954,407.0,6090_3_0
235,271,247.76344086021504,22.695325069157498,0.3700312766128323,0.6353102246677507,196,256,217.252688172043,70.3526569209579,0.1644832664633566,0.23709339893830794,215,354,277.60322580645163,390.20515642904263,-0.5429781345349423,0.47445886976285223,187,372,252.58709677419355,565.7970346192575,-0.10980286756665772,0.5808168840122621,151,344,204.53978494623655,656.0743035059088,0.7826357100615032,1.3623123586932389,206,503,383.19354838709677,3277.6524879336084,-0.7379458315004994,0.18954056874071146,365,1131,774.5139784946236,22633.714013218054,-0.48875326609930886,-0.27493438295812744,213,709,493.93870967741935,8608.33961943123,-0.55735910609802,-0.21958399158966424,408.0,6090_3_0
235,260,249.4247311827957,18.358698797411947,-0.2267322773066423,-0.20322250452828738,197,247,222.28172043010753,80.46737270970056,-0.0010357045682635943,-0.5223682404756644,218,338,291.6774193548387,373.2585853675475,-0.49378751180114383,0.45703551410613663,189,346,271.5430107526882,865.4432503443406,0.01730534917957307,-0.6585400670011134,151,327,225.98602150537636,1291.3356493859742,0.41254949216730213,-0.7951746062409861,223,519,423.23763440860216,1409.210422815607,-1.4322340557375715,4.913549840369461,424,1191,839.7225806451613,10358.338456196396,-0.22651762844417786,1.1648640873450313,261,743,541.7333333333333,3982.7662719770365,-0.5491115588949855,2.1942954002524706,409.0,6090_3_0
245,266,257.28279569892476,10.241791960368992,-0.5066892281951587,0.44862889674574236,218,259,241.73440860215055,41.30398161973218,-1.1241468177251634,1.5306427142786365,273,383,328.18924731182796,142.5238885609454,-0.6964507605113277,2.441955301615039,252,382,337.447311827957,437.28516499415497,-1.2839519536796455,1.952171661566692,211,370,313.9688172043011,956.5275518825886,-1.1231707931257484,1.3191973744150483,350,541,440.89462365591396,435.43990647823415,0.7508061254888533,2.481594214629875,600,1023,768.1516129032258,4070.837053369909,1.321135315554487,2.089796833501791,411,652,503.8376344086021,1377.5139750222809,1.2122024760276053,1.7945123739378017,410.0,6090_3_0
238,267,254.71935483870968,28.901777839508313,-0.9586535302907983,0.3200577038255905,201,256,236.06989247311827,161.39123464935122,-0.9665156947464998,-0.14301598233589274,229,363,315.3763440860215,817.2015926478929,-1.2441886830452549,0.5396489896665448,202,379,320.6645161290323,1832.8109031563597,-1.1160274494797797,0.07081328132584108,165,379,295.3311827956989,2854.749188050511,-0.9210804628672166,-0.31826474564511154,218,509,423.85806451612905,2148.0358067988473,-2.0783513999668273,4.455589776612208,380,1077,754.6010752688172,8221.062431565912,-0.6345988886748667,3.2575448421448776,250,681,491.64086021505375,3213.597467504658,-1.187451759210907,3.9971404539342412,411.0,6090_3_0
238,264,254.08387096774194,16.01233376158894,-1.0093230754634566,1.6129763635050853,200,252,235.40322580645162,84.34207784992533,-1.1929352481118318,1.4703557471569413,225,365,317.0021505376344,440.59418266837974,-1.7510230863841905,3.712448605121768,198,365,317.81290322580645,1056.4385846730788,-1.2646639080998794,1.3306979087991824,162,356,288.7559139784946,1698.714308367189,-0.9553349469741671,0.16553524060731561,212,530,434.541935483871,1683.9255807493314,-2.4845637338470468,8.175146671668335,378,1094,788.6236559139785,9021.068115791057,-0.347510898213639,3.7678049038682158,244,728,515.2139784946237,3504.672140236351,-0.7986487876476256,4.791338656273134,412.0,6090_3_0
241,265,253.7021505376344,12.4849254025024,-0.26935013840137667,0.39092666843169077,208,255,233.89247311827958,58.266143500353024,-0.5204439373335528,0.48273173409867365,242,392,313.93118279569893,306.365549729736,-0.013041731588388072,3.7065071755626056,220,394,314.0967741935484,696.9228098197854,-0.676012135398233,1.1504010971559406,175,364,282.6236559139785,1165.0853386112944,-0.6696111254516602,-0.07080487795074042,272,590,432.89677419354837,1014.3639293031008,-0.13300538399533776,6.100514537869795,523,1089,785.3225806451613,6457.243515399841,0.9191808826688054,1.855655220793608,328,691,511.8827956989247,2441.145559452296,0.7310619280872767,2.0107406483724715,413.0,6090_3_0
239,263,253.60860215053762,11.03932312464553,-0.692804318339142,1.8560191462721587,199,261,235.2236559139785,64.76154959084228,-0.7190417399845522,2.460565452892596,229,391,320.1247311827957,381.9628968598447,-0.8489090411677067,3.56296925684257,194,395,319.40967741935486,779.9471613597696,-0.9188443297839359,2.5954173959354536,163,372,283.0978494623656,1078.4737305693486,-0.7574472405596808,1.1043776636464973,218,577,447.71505376344084,1606.9014954222948,-1.5591660638857048,6.987813423821647,397,1152,813.105376344086,7547.584147597718,-0.08609012108785868,3.389490621648089,265,746,531.5139784946236,2842.943292012454,-0.4717180485243669,4.958047314448978,414.0,6090_3_0
240,271,253.6204301075269,13.191616607058116,0.07505089422962286,1.3661586002055088,202,262,236.34086021505377,80.84063219787724,-0.016045228429759018,0.8277882994128731,228,386,322.68172043010753,435.9696332048566,-0.14181779786649246,1.284952729744929,203,418,327.4043010752688,930.7986897693207,-0.459617751912268,0.991994862311083,174,389,292.13548387096773,1235.5338310358,-0.6231393636918849,0.801148165148089,233,578,443.210752688172,1358.3818002939915,-0.14920446881882796,2.8913499698369494,406,1026,789.1301075268817,5142.500814843108,0.16073656685866816,1.943040414689535,266,668,520.6086021505376,2092.1415836198016,-0.03080361475700617,2.4425734570781534,415.0,6090_3_0
241,272,251.0774193548387,10.85298795097052,0.4658729987004371,2.2207550872424564,208,271,226.93333333333334,50.708144958736995,0.39406638223873053,1.5654081246398253,259,382,304.13655913978494,230.42158987001864,-0.06597655670904189,0.6033254773782986,230,387,289.3204301075269,634.2911860365522,0.40097680678923187,-0.036367420074670864,182,373,243.53548387096774,1162.711871939998,0.7417126606543801,0.13067116230544062,321,535,432.8494623655914,1024.784633725708,-0.08785033749691464,0.4848279894159231,613,1142,832.6677419354838,9202.8507344005,0.6794643424330395,0.13192267652555723,395,722,539.2989247311828,3151.6888040093986,0.6751888546764011,0.39981261044960936,416.0,6090_3_0
239,289,252.21612903225807,30.78962116740165,2.1688005183241406,7.759286707204863,205,284,227.73978494623657,89.9924951097839,1.630531394741729,5.414867609486134,243,414,302.0311827956989,373.61258955750776,1.061417227949969,4.498395403194337,215,456,291.26021505376343,961.1356598030025,1.2818348682768472,4.0885036915763004,173,435,248.21075268817205,1396.5411113811822,1.193936053713189,2.8117358941780637,267,516,413.0064516129032,980.9407548873223,-0.4739286359574392,1.5691822810549532,484,1009,771.331182795699,6118.040899568273,0.3930929044238771,0.18512470001492298,310,641,500.5043010752688,2179.7658587682445,0.23509477639933052,0.6074176774321223,417.0,6090_3_0
239,262,249.2483870967742,13.10185423104969,0.17189095689511244,0.32262315851677315,204,254,222.23870967741937,50.5392965033508,0.4863681944684116,0.6876026135013724,248,356,296.4462365591398,294.6456532055512,0.1622388917572825,0.004990014489683947,217,372,274.89139784946235,509.8622510040858,0.36892614924247313,0.5901524593849352,169,327,223.80752688172043,772.8402016273712,1.0492243362276417,1.1167054230303837,313,572,427.6666666666667,1985.9921062073913,0.2994553862790594,-0.08996992128165848,603,1148,833.8182795698925,13072.036909846407,0.4332500278700431,-0.534394897798673,387,725,536.658064516129,4677.740866002291,0.3863494161525682,-0.5485032527848217,418.0,6090_3_0
238,268,252.0215053763441,14.809009572091623,-0.5266576095019073,0.9962331554042132,199,260,228.94086021505376,72.97066449066519,-0.5668446877365744,0.3957017302909076,228,366,304.8258064516129,335.39050661481303,-1.151913176977715,2.2538426826597293,196,378,296.6548387096774,822.3748150977464,-0.5994324998736402,0.5371734280386979,159,340,257.0397849462366,1472.610901998912,-0.18265587592219676,-0.6824085000199815,240,534,418.5720430107527,1502.3484102457264,-0.7573132506201548,2.7177947733705494,492,1062,776.558064516129,8476.37821799368,0.5094224219063586,0.550106435507923,306,681,506.2075268817204,2997.41974952834,0.17723081685856215,1.0811273893623126,419.0,6090_3_0
232,266,248.1457586618877,21.76341799431783,-0.03614961617951998,0.2764897037637435,194,244,219.75746714456392,82.15282994060583,0.008214115821426783,-0.5848003251970293,225,325,281.57347670250897,543.9506353861193,-0.28040787270860734,-0.9071032984625003,191,328,262.18876941457586,893.7681512350442,0.14017452305313713,-0.7170888243590325,155,299,217.90203106332137,1148.9305819942492,0.560608836950899,-0.5713938695969709,205,522,371.0919952210275,6151.736742066963,-0.674190526753934,-0.54121486652057,293,1129,704.2568697729988,39365.67676196029,-0.4851013872690283,-0.3489088003106158,163,717,453.0776583034648,16877.69850742856,-0.6689714252715413,-0.18788824603809928,420.0,6090_3_0
240,268,252.25483870967741,18.680950727455816,0.510182029034657,0.6695810133446276,210,271,230.31935483870967,94.81178860377096,0.823801799405895,1.1315975059532333,254,433,323.86451612903227,791.0257578388138,0.8053824102364526,1.2053789210620263,226,461,304.794623655914,1287.8081519034224,0.8422916715481799,1.0736119042620338,180,404,245.5,1314.9714747039827,0.8496287994072358,0.6745238197034378,332,649,481.794623655914,2355.7672477053607,0.22820689662176952,0.9314581801597335,636,1168,934.094623655914,8368.531402710742,-0.4934651938834424,0.6188224418229145,406,739,600.3064516129032,3084.333327546095,-0.45886061750580776,0.8027986771124254,421.0,6090_3_0
240,266,253.66236559139784,14.213113881269022,0.00044523933836907446,0.010117986461069872,208,259,233.39032258064515,70.92283412618492,0.1509328742196475,0.05253728199150398,256,404,327.6623655913979,502.99675220204404,0.4102946413705961,0.4520891149874764,223,401,310.1225806451613,723.6684884891837,0.15420838338930867,0.272289697404966,177,334,252.88064516129032,736.4303031355256,0.1007267084020539,-0.27521371630832636,340,631,482.61182795698926,1647.200075234094,0.33317380622634307,0.5475576685073515,711,1219,933.6795698924731,8722.398828663032,0.32869727233093565,-0.13876332388842005,470,797,602.4236559139785,3330.3004085790017,0.38873839570328494,-0.06584252476890962,422.0,6090_3_0
244,265,253.86021505376345,11.577855712582611,0.037974596573047505,0.05031330870580142,214,257,235.07849462365593,48.65798696714006,-0.001961277048229013,0.0046837118324467575,267,389,323.5430107526882,290.4012697200134,0.26731865773244,0.36622597770591137,242,379,317.2967741935484,474.0969755894302,-0.269438651064836,0.2845499895083661,196,340,272.6655913978495,610.6770709631121,-0.202674076288693,0.1444857378970017,314,563,457.51290322580644,882.5859474287303,-0.029066098711890063,1.9668989553866574,524,1049,842.2569892473118,4426.97694248643,-0.02787208762667284,1.6199559593754476,336,694,547.9397849462366,1753.9403960785676,-0.09118215136349855,2.1263019329995627,423.0,6090_3_0
243,268,256.0279569892473,13.932479137007075,-0.3721045780275967,0.7944945827475474,210,267,241.0215053763441,80.84991377015406,-0.4354983231602192,0.6463817717415514,243,402,332.6494623655914,515.2698866858804,-0.230515323121587,0.6317444930024001,222,421,334.88924731182794,866.1136625114299,-0.701213916642589,1.3067678595175511,185,381,296.76129032258063,1308.8988228757942,-0.5262280808957429,0.1670562154302453,273,566,455.43655913978495,1591.5035059087697,-0.2936648033819937,0.9692375306958518,445,1062,816.5032258064516,7911.5053717142955,-0.023522539749166706,-0.2537037161481601,314,682,536.8731182795699,2812.1711818697413,-0.1647505303048791,0.01008336553928757,424.0,6090_3_0
239,266,254.9956989247312,11.235718832829845,-0.47651661354328645,1.15120188697332,203,256,237.27849462365592,53.20007523409379,-0.8457917807903643,1.8489632034723238,235,392,328.06559139784946,380.95694179196033,-0.3817521500768386,2.6180887238508133,205,382,324.0967741935484,587.9023577207541,-1.175400250776042,2.6222989594756596,164,356,281.705376344086,974.7333402780189,-0.5865006142746313,0.7119307050903698,263,595,462.0698924731183,1535.8713207634526,-0.4424699894441705,2.780567980716052,463,1156,847.6301075268817,8188.9157771681885,-0.03979908938728554,0.558555684175742,308,733,550.1064516129032,2689.122132712941,-0.16164613912515738,1.4462757774349733,425.0,6090_3_0
239,279,254.69892473118279,13.681053740291908,-0.16666705338889207,3.457632123698029,205,267,235.67956989247313,57.49893630565876,-0.38591740216900583,1.8174175582035792,232,401,336.84301075268814,524.563056587613,-0.4472801960735629,1.3947870291353777,206,407,323.4591397849462,678.2787376876512,-0.823700320122818,1.922321230809633,161,378,266.7913978494624,759.8724770536014,-0.2560772491594049,1.1034960917577301,263,643,501.8010752688172,2620.6482227392153,-0.33590067109630256,0.7729762906082169,501,1272,942.5559139784946,13303.314954222948,-0.05642134536038672,-0.18269939162116877,323,795,604.0290322580645,4679.229511441369,-0.09770834424172736,0.08252823546269816,426.0,6090_3_0
238,276,255.2720430107527,12.981887102561432,0.4246295367547881,3.190518666178715,213,269,237.18172043010753,51.17146312950681,0.2134802820961891,1.046286627192086,268,398,331.06666666666666,240.19361320416215,0.2654366256864563,1.2237340231926224,240,413,324.9225806451613,482.8551408035001,0.11110372350608873,1.188679861979737,187,412,279.7967741935484,870.6163512621966,0.4167844260001494,1.1454005797512545,381,582,476.7784946236559,1012.8679977314029,0.32896237716729837,0.045539051308880474,663,1086,870.505376344086,6257.09415836198,0.1332724720551127,-0.6079111299743358,449,718,560.8849462365591,2048.678890470734,0.14768618266679462,-0.5673068201135272,427.0,6090_3_0
243,267,252.48817204301076,15.526770605460838,0.6167008809892099,0.6793681099503637,213,253,229.48602150537636,49.14566015023669,0.2681470402838282,-0.04531403229218833,264,357,308.2903225806452,192.49473940067364,-0.042249919407813016,0.5168407777768094,236,374,297.8462365591398,479.7836510526986,-0.18123085771654124,0.03308668031144357,184,368,256.27096774193546,948.9684780721552,0.21241436556518495,-0.14172884449769185,334,558,440.7440860215054,1205.1292706922695,-0.026267148814804513,-0.06251508784590065,577,1151,826.9462365591398,9442.240378716855,0.03914582949562651,-0.2516786626187075,389,708,536.4978494623656,3277.3546778244618,0.08755778569799033,-0.12981986918057586,428.0,6090_3_0
240,272,252.0010752688172,30.087189370001276,1.009482579934421,1.1629432571851481,202,262,226.2483870967742,106.2277961040314,0.7363432757369521,0.4973276711091037,238,363,297.31505376344086,361.40870747826887,-0.10214729855701672,-0.023097341074985067,206,393,281.39032258064515,908.5137921455606,0.5099706589849835,0.2322329964229688,166,374,238.79354838709676,1572.7624986978715,0.8038498558777376,0.20344958905958688,268,518,414.0483870967742,1428.0547067606512,-0.2705207884354713,0.557202419331758,518,1063,799.5204301075269,11918.641670428371,0.08436881434437653,-0.6722636401018303,321,673,515.0021505376344,4246.320770397121,0.08459715979746328,-0.5239013597758588,429.0,6090_3_0
241,265,252.29139784946236,12.734156278574488,0.3793606516588139,0.4704834062179608,203,251,229.2268817204301,48.47053601398197,0.06626059156230872,0.2485069085860867,241,376,313.26774193548385,253.7398624952255,0.1826113659685637,1.989172421420946,215,362,298.71397849462363,490.852441635705,-0.05732827731492334,0.19563357006070925,169,337,252.4763440860215,781.9935194509068,0.22497151566960155,-0.20025650424033037,287,596,454.3688172043011,1159.5032246490039,0.6280343398442083,3.0518818054961727,560,1233,861.2688172043011,8118.201071796474,0.2761456541534368,0.34710087451671123,325,762,552.3430107526882,2900.0361459309934,0.25374154180390057,0.6883978427920385,430.0,6090_3_0
241,263,252.55483870967743,8.148227369005868,-0.015129608307874803,0.6320576132307179,207,251,230.3279569892473,28.971983980925263,-0.22903400880096686,1.5278546532683857,243,344,311.6666666666667,126.50448510943666,-1.6903699128575742,7.655019144014316,219,356,304.6483870967742,292.0969026702316,-0.9629595349460459,2.897781006212515,177,334,263.47741935483873,542.6458835376228,-0.25378154085590393,0.5359785089509317,275,520,442.53225806451616,639.4785061981319,-1.5644757209541778,7.161069179625564,532,1071,811.889247311828,4311.338635600773,0.16042321156144848,1.67510200201062,334,672,525.4602150537635,1557.247608134542,-0.09133036286886996,2.270370910725277,431.0,6090_3_0
244,278,252.68172043010753,11.297943215620913,1.4940416412133564,7.520300551100634,214,273,230.69892473118279,41.76501498894637,1.3415195287981627,5.218860717246754,268,387,311.5086021505376,145.05751472852066,0.9134041047670711,5.480504346314563,238,413,304.36021505376345,375.70325937243194,0.79204403558135,3.623355562998527,202,415,264.9569892473118,862.6289338750188,0.8655158163047096,1.2926835323912798,356,516,436.6989247311828,666.4689977661262,0.20825113569302733,0.013688795369743989,627,1055,806.0903225806452,5863.671058022847,0.5655511814962824,0.3502001139725599,415,666,521.558064516129,1966.4255807493316,0.5769387766348344,0.314961156871417,432.0,6090_3_0
245,286,253.05698924731183,9.86650115166036,1.819369321925366,16.411791392070178,217,277,232.41935483870967,33.19747213444911,1.0335898086026478,5.809049740425179,282,387,319.1698924731183,108.60834982696157,0.6579310267986882,3.4516162604764293,269,457,314.14193548387095,299.08639883329283,0.8183730407265816,5.348845125951765,214,418,274.86559139784947,703.4340139125202,0.4564693138752121,0.4367370806838804,376,557,445.68602150537635,557.3221940576641,0.33092886090333407,0.7991544361568454,680,1100,803.9010752688172,4025.6565112214544,0.8208191253504047,1.5662077441589615,442,698,521.1172043010753,1332.3317811961062,0.742889484915956,1.254572644672944,433.0,6090_3_0
244,264,253.7978494623656,9.911728416495942,0.1171361965967731,-0.15299053483624192,211,253,234.7258064516129,47.68469391298309,0.20270156165818806,-0.40803534242067396,284,359,324.0978494623656,113.6147424100374,-0.07149669517126471,0.26052749876512404,261,381,321.26881720430106,427.25596953597926,0.12723285725368585,-0.3217717281923531,200,365,283.3795698924731,1080.0958146694907,0.1824794406647749,-0.6589442946654329,370,522,456.65806451612906,431.86357859647904,0.11333142408227027,0.6782903490245782,657,1146,820.4043010752688,3646.2712408995685,0.8117562007738902,1.6073504752835817,439,735,532.3602150537635,1141.7269407502577,0.8223831185798041,2.1932689797742313,434.0,6090_3_0
242,265,254.53763440860214,15.678345312915955,-0.5179766464681976,-0.1469159177152144,207,257,234.6440860215054,87.93669803349654,-0.5239095145188739,-0.35626625905811116,259,376,320.1258064516129,391.55896732525434,-0.7946823084314344,0.23198370008820968,226,380,313.6505376344086,1138.3804356632754,-0.48665203009004504,-0.6682171942394879,178,365,273.14623655913977,1996.5663205898352,-0.18884143460646188,-1.0714281258184222,316,578,452.8440860215054,804.6527367848421,-0.4381991522193598,1.8345136793044254,626,1223,850.9903225806452,7871.9041043091775,0.7701179299442087,0.3896645734781359,392,749,550.2010752688172,2542.7205585842103,0.7356249159285482,0.5260265828740978,435.0,6090_3_0
234,264,250.1290322580645,26.510781624361954,0.16544324665210441,-0.5134721670803706,200,250,221.10752688172042,82.10467956063289,0.14464410955900855,-0.6532921335555129,222,335,281.01505376344085,313.42711436739694,-0.7216053692151685,1.188196318731329,190,344,259.9225806451613,568.6075627625959,-0.09305726698146184,-0.1631327914919849,157,327,214.84193548387097,908.5250425361991,0.642952381702651,-0.3086347685153452,188,519,379.10967741935485,3406.8038890239245,-0.5068075956885394,0.207484526573245,308,1248,755.4376344086022,31554.67048740118,-0.12551123075142737,-0.8015038362820079,205,782,485.09139784946234,11712.802186418508,-0.1724538932550019,-0.6273411991814348,436.0,6090_3_0
235,261,250.18924731182796,23.28169265136521,-0.27883514367389833,-0.408691035492176,198,249,225.0010752688172,128.25941757236941,-0.12735753956403056,-1.0134861209614707,222,371,296.16129032258067,865.6833223375811,-0.1584637160698912,-0.7648541265363553,197,363,282.91075268817207,1659.1211974952835,-0.13287389779748607,-1.251238212404061,154,346,241.3258064516129,2293.978773568527,0.09720981321298575,-1.3243149135880876,225,584,416.46344086021503,2890.8538826579625,-0.40637386545858806,0.9886574529902963,379,1178,807.5408602150537,14941.52739215482,0.21544405915581893,0.4776961664031987,249,740,522.7731182795699,5703.0948632475665,0.046322242433942895,0.7055610322180019,437.0,6090_3_0
237,267,255.1516129032258,13.846741206291886,-0.5588703605004648,2.5567120256191904,200,259,236.95483870967743,53.349949651029554,-1.3027895289717906,3.683077814821682,224,355,316.03548387096777,282.20433695614435,-1.9619198045072819,6.295235186945293,209,380,321.6720430107527,670.162511429795,-1.6606981361297581,3.365748446879067,168,364,298.06129032258065,1113.1577033924789,-1.3537256052082964,1.8125040505621763,244,511,424.00967741935483,1064.6382270217716,-2.0948342702143514,8.74647697941222,383,1137,754.9913978494624,5809.5349097769595,0.25671938565096936,5.55220984744809,222,721,497.01827956989246,2212.607846337257,-0.47725147337218266,7.069642525629096,438.0,6090_3_0
244,269,257.56129032258065,14.177617278377722,-0.595539670926588,1.2863964356064788,211,265,242.3494623655914,64.69044642753799,-1.37095839451297,2.923316730165996,265,367,326.8279569892473,232.87672025649042,-1.6722568338947779,4.029003986535971,237,399,338.0956989247312,700.3966445594177,-1.8663978056109372,4.031078453286837,192,391,318.1225806451613,1301.4704260564604,-1.7625102343704455,3.309875035089849,374,526,440.80860215053764,363.3799043948285,0.7965819520986182,1.7871467324219816,665,1111,780.6881720430108,6224.098568237322,2.0899180434736677,4.217620430818448,435,710,513.8956989247312,2053.129044989988,2.061202180377669,4.288343188505793,439.0,6090_3_0
245,273,256.9010752688172,7.962216280657892,-0.23680142471305457,2.352985529171346,209,263,240.36881720430108,27.735732722201,-0.9316461628348854,3.5514966950352527,251,379,324.34301075268814,100.63248608169265,-1.6333108485403556,10.766140088196886,229,414,332.78279569892476,276.55557021655846,-1.5557845852045633,7.343295192482319,186,406,309.77096774193546,520.3468419042327,-1.51467537556865,5.360823545399459,283,499,434.38924731182794,305.2928874845191,-1.1269150780984054,11.092163789032016,534,1154,757.410752688172,2832.5996689699878,2.545429412533324,13.42418580747923,337,723,497.60645161290324,1019.4918851349007,2.189128938785852,12.097016868078375,440.0,6090_3_0
239,263,254.58064516129033,15.378311746935658,-0.8515509285244325,0.8869382039038713,204,255,235.70430107526883,69.80159612023566,-1.0617891600886369,1.2802599106816803,232,359,317.7440860215054,348.21215551465906,-1.5254466354603649,3.235581819475076,208,386,318.28494623655916,853.2072004814983,-1.1293624977065437,1.300536092125034,171,375,287.7763440860215,1475.8638100859982,-0.8351627046401987,0.22326613469200307,221,525,438.8698924731183,1278.0035059087697,-2.0299339181755767,7.73859586132534,395,1097,795.0301075268817,7780.175626468512,-0.16405106928666768,2.5200776873736146,265,725,516.2623655913978,2850.1829739458544,-0.44556218954960436,3.603128062028424,441.0,6090_3_0
238,262,253.19569892473118,13.328722062108637,-0.41185986415146575,0.7464002431695098,204,254,232.81505376344086,67.54379897450143,-0.444234779847127,0.22219869955275717,239,363,314.5731182795699,370.1114402120444,-0.8946778515021312,1.7336542497637941,209,382,308.9247311827957,814.6143500353021,-0.6528198464506393,0.2881892471109331,164,352,270.51720430107525,1234.4329652649974,-0.4003691760166157,-0.4211242399302977,265,550,446.9731182795699,1567.177963355209,-1.3781691259810898,3.617863918844062,521,1134,832.8021505376344,8429.015711193675,-0.158398716252242,1.1879442892558032,320,721,540.8483870967742,3248.843511927498,-0.36824598803944103,1.6515569821653502,442.0,6090_3_0
240,265,254.41935483870967,12.299732629605197,-0.4963481036045894,0.9832087049125451,206,266,237.9494623655914,72.12338507124089,-0.4164820043907004,1.045241629427685,236,398,327.5752688172043,504.99379029364445,-0.0009332536409210867,1.3152572091113885,211,417,330.89462365591396,958.4366771994398,-0.3596741576704921,0.9833476378563613,174,383,294.23118279569894,1090.0595217426533,-0.6917589674553962,0.92741403157595,264,600,459.14516129032256,2014.0876245702977,0.06199790848449989,1.6518175110384092,445,1093,824.7612903225806,8221.012924059864,0.2681001191969279,0.445440559700943,286,698,541.6376344086021,3401.690939500214,0.19491042299009995,0.7244596678494277,443.0,6090_3_0
241,269,253.43333333333334,10.491245066379618,0.16294051673866872,2.1472493787322984,203,262,235.41935483870967,44.398763845966876,-0.6760827782697699,3.1466191596431923,244,396,319.0086021505376,272.8503026725465,0.057471785685655676,5.111210905759641,215,406,324.08924731182793,518.9941791960368,-0.585945503144633,3.214686903576127,172,385,292.6677419354839,811.8216708913504,-0.6802987494901561,2.2677327443066435,256,610,439.3290322580645,1244.8905448105838,0.3392804446823982,5.678253722031311,469,1090,777.9236559139785,5363.439805780293,0.6692323854913028,3.0192168558533137,296,701,512.2881720430107,2121.206426149056,0.5110745399377423,3.665839164940196,444.0,6090_3_0
242,276,254.08817204301076,13.40448858177946,0.7762817639910755,3.1810333815671807,212,275,235.2989247311828,53.75984814287533,0.3331339012423574,1.699567066868524,261,386,319.3784946236559,240.05895575077838,-0.16803786366143647,1.4269523018330261,235,432,319.36236559139786,672.5886790050579,0.054710885482505245,0.8570427359401451,189,431,283.2989247311828,1332.907318541153,0.33944323968193263,0.4995827312583674,338,540,442.0537634408602,707.4072247878977,-0.033049219638463176,1.088818968313145,628,1106,804.2150537634409,5038.6727548410245,0.6981743073566169,0.595398760023556,391,681,525.9462365591398,1720.63865643483,0.5926390977654389,0.614752542747659,445.0,6090_3_0
243,284,252.30430107526882,20.851327013669458,1.3379952334131702,5.5509861248478,207,275,229.23333333333332,76.15109436670255,0.7275633667215385,2.305787782150639,260,391,302.1752688172043,312.61833281248187,0.6703056218594222,2.042261582930153,226,468,299.1752688172043,850.980012037455,0.6114124958793877,1.915863710379508,180,417,265.19247311827957,1349.65828558862,0.23747352838452207,0.16105010958293908,315,516,410.77096774193546,826.4975415813049,0.12798264176079865,0.7730117890676524,545,1070,743.3322580645162,4792.110153130317,1.1766823438571068,2.7244337891515835,360,678,487.5989247311828,1714.5440246767828,1.0182204957069858,2.4895290698897012,446.0,6090_3_0
243,264,254.57956989247313,10.702488512332607,-0.4011565034089537,0.17603985571883385,206,253,236.45806451612904,45.02138268689885,-0.5170565631105007,0.48475643138638125,247,352,315.9924731182796,157.70607891477712,-0.5987771303974464,1.2083222747637183,231,384,323.0,491.6167922497309,-0.7613643360827942,0.6404261219226415,186,365,297.5408602150538,942.5177043184369,-0.7406663379473284,0.3916396243254905,308,488,421.85913978494625,356.4483824669838,-0.44577714798811274,2.2721741391490795,559,999,742.7494623655914,2410.095397988356,0.9181017898693593,2.424348696733852,362,638,490.60860215053765,810.0662337812655,0.6629876894363769,2.627803624129604,447.0,6090_3_0
242,272,253.74193548387098,9.213227349899675,0.26122163136461796,3.01808270306542,211,260,234.44324970131422,33.3284143071919,-0.3713447381232508,1.6954069346002507,263,361,317.0884109916368,152.774470797391,-0.5962587065108079,1.887500408094203,233,374,316.23536439665475,373.4600875763864,-0.825735456671355,1.6838029568896333,193,350,281.6332138590203,575.2564553286115,-0.8176276606330604,1.291150964491555,342,525,435.415770609319,547.9991768276997,-0.057939520175322515,1.2856969931297542,626,1089,785.9486260454003,3090.505730765493,1.263903255096987,4.047324676728434,401,681,514.5603345280765,1053.256223811402,0.9238937173432842,3.286352093702029,448.0,6090_3_0
239,266,250.75806451612902,10.484999479148582,0.28664102941897507,0.9849384930438521,208,250,225.51075268817203,35.20601988494972,0.4670830634342907,1.1143401940926632,263,394,311.3354838709677,317.20918087433597,0.8932729295524137,2.064067771112673,234,366,283.63870967741934,350.7907496788083,0.7181563902518815,1.7908431748375948,180,287,223.894623655914,279.5690776300103,0.42986867125751965,0.585615489671945,343,615,460.23978494623657,1485.9241420419692,0.4763953041691529,0.8648302750562995,683,1209,921.836559139785,8655.275734111137,0.06472422566534554,-0.2308175025615813,431,768,587.8150537634409,3146.178890470734,0.07758793589886581,-0.15194593022064984,449.0,6090_3_0
238,266,251.0978494623656,14.439284928874846,0.5522132392389909,1.5637051077649344,199,259,225.93548387096774,49.11962220910448,0.2595094666555132,2.1059501994077685,232,419,306.0247311827957,373.22113152077037,0.749121960712402,4.11109813090311,204,389,284.68279569892474,421.6290901304443,-0.013339562934316953,2.5927404933672635,160,313,232.43870967741935,463.6178756206813,-0.13660667981775948,0.21297596904545024,261,638,437.85268817204303,2170.0008808176212,0.2317475757763062,1.116947206216122,506,1248,852.5817204301076,13622.058438371703,0.4370721228205245,0.027443888144776274,311,775,548.2698924731183,5015.2715360487055,0.46758568631124603,0.3616522523342609,450.0,6090_3_0
239,277,250.45376344086023,14.588279685637234,0.8753805717843754,4.776780527290284,204,260,224.5752688172043,51.26504971237428,0.36467090729528334,1.1758349302411215,236,365,299.9129032258065,352.30995173443523,-0.12689204617663002,0.6371521664747988,204,366,278.64086021505375,529.2659282151001,0.01363390853080954,0.39201139419238595,162,341,227.1516129032258,577.8962568144727,0.4447019862048631,0.7441376156887531,243,558,425.3462365591398,1825.7120687060892,-0.39399120335031396,0.5841639518796606,479,1145,826.2881720430107,9724.75432711784,-0.014329278620044203,-0.12124757707598688,317,714,530.4440860215054,3794.2083880227324,-0.09078829634874651,-0.08094993414329643,451.0,6090_3_0
239,274,251.41827956989246,19.251118673102074,0.5610949964412406,0.6563103591022497,209,267,227.95376344086023,85.25835503547579,0.7069481797843391,0.36777796439194876,247,390,308.7043010752688,558.8521881546814,0.46836811636459164,0.4062918099557806,220,417,291.73010752688174,814.7354757688346,0.3704438922361439,0.21310310585642656,176,362,239.46129032258065,780.1045279349977,0.34321148548517,-0.18001338995476335,289,577,441.0989247311828,1952.3626468511638,-0.19333733964909736,0.19875672270781575,559,1116,848.2913978494623,8802.262681574592,-0.20657928577077586,-0.4255922831450474,346,693,547.141935483871,3596.7484009861455,-0.28810841633072276,-0.33556812457175056,452.0,6090_3_0
239,269,252.78494623655914,25.64369133187495,0.21401765984834592,-0.242231362773504,199,264,231.88279569892472,140.34900401634317,0.3986307158742533,-0.47231680877570037,233,402,320.1688172043011,829.152309686679,0.38871047042385215,-0.34201256044363015,205,403,302.77204301075267,1329.1880227322708,0.3131667454837811,-0.6419917418612484,163,349,248.70430107526883,1343.0997661955855,0.29435496881005646,-0.8158705145323397,257,584,469.52258064516127,1753.9440536129728,-0.3797265640270628,1.3575014543478492,485,1136,915.9333333333333,6111.853462504486,-0.6904277260679316,1.7819157962950563,299,725,590.9913978494624,2534.710367258122,-0.7991523541829681,2.4682796029444276,453.0,6090_3_0
239,266,250.63655913978494,18.059372431913143,0.45147180423064076,-0.060836996995796255,205,270,227.05483870967743,84.51259765964095,0.5769333149863439,0.043871581386486724,247,386,307.9182795698925,448.6025718485596,0.46713885950182593,-0.018412920519387033,214,411,292.8483870967742,974.0491093440744,0.47220803494463687,-0.3838864714816208,166,382,244.43978494623656,1329.540503721194,0.5296017178475152,-0.5121819585544918,315,541,446.73763440860216,965.6662893387502,0.22053137220969352,0.6845876111525504,616,1123,854.8989247311828,5032.870289477644,0.4079991179994323,0.6629395875177688,405,706,550.8387096774194,1768.8975311642762,0.38585647466247647,0.7346463096167128,454.0,6090_3_0
239,267,250.96666666666667,19.67918909221385,0.41396854172554426,0.2696724156688872,204,264,227.43118279569893,89.65779946062942,0.7109822939428709,0.550984290908207,225,400,307.8752688172043,527.0866858802968,0.6241718357365483,0.9796671126120788,202,422,291.65698924731186,993.1254893109715,0.7099346667294838,0.6164109573411749,158,364,241.26666666666668,1164.2366702547542,0.7221882655136909,0.2188014613099396,247,585,441.6688172043011,1621.2766369202634,-0.0014545892040703616,1.31175615125189,451,1095,843.0225806451613,6857.003795270669,-0.21601082049595063,0.9120285682117117,270,707,543.6569892473118,2496.9188154681297,-0.23525950988216332,1.2145004956212304,455.0,6090_3_0
235,271,250.91935483870967,41.46065835619292,0.5449559921289132,0.03361021925158969,202,256,225.15483870967742,144.13746310635787,0.38374569580791884,-0.5095537756475772,224,353,295.01290322580644,483.82545227264836,-0.5113627193154574,0.059746271161249975,191,351,277.7752688172043,1071.1625739319652,0.022096246375294434,-0.7678991009940792,160,339,234.61075268817206,1774.0205516395247,0.48202345387107814,-0.6935511323172565,205,564,406.38494623655913,2373.746167112284,-0.5372676463622805,1.2871902437751208,362,1132,779.4440860215054,15607.917752931236,0.026147394707843146,-0.23276392883419428,256,721,504.2010752688172,5755.181269025546,-0.1333128425784107,0.17517961651183978,456.0,6090_3_0
237,274,253.92043010752687,43.68149820016899,0.20640079144833542,-0.22720143050442942,202,264,229.82258064516128,140.2817285322407,0.11610685355872065,-0.4528206718804988,238,365,303.43548387096774,451.33975138025625,-0.42499565941504597,-0.15644850814067013,206,400,289.8354838709677,1087.6295253307408,0.06759767794765097,-0.20828648147447204,165,379,248.78387096774193,1815.506521059759,0.3362486700873178,-0.5133300564544254,271,537,408.5774193548387,1255.544591826105,-0.36410344484755447,1.175183941345126,462,1159,764.5225806451613,9984.312191395537,0.5235132664900859,0.3303476717283904,313,720,494.86451612903227,3404.4272648355845,0.38817683800706243,0.5677025025759121,457.0,6090_3_0
238,262,249.64301075268818,20.2943805919187,-0.115142686557784,-0.46651360539064335,199,243,222.29032258064515,79.04802250078129,-0.14851847737872362,-0.6483249186336866,227,348,296.1182795698925,493.86758799495357,-0.6078147789096652,-0.02749586458649711,199,340,272.794623655914,794.6779043253817,-0.11047573049325844,-0.3699415674907418,159,319,221.43548387096774,992.3989548248202,0.6269418977064936,-0.13833323811538056,234,549,425.63870967741934,2665.251460120143,-1.0593542279462573,1.3487278620920646,429,1151,841.4688172043011,13396.143805919188,-0.6864815807621475,0.7291255629297839,258,710,538.9021505376344,5322.325183744806,-0.8282783589727094,0.9629304493675268,458.0,6090_3_0
242,268,253.88924731182794,17.17932451358265,-0.25530325243212565,-0.22276136828778004,209,255,231.76559139784945,84.92454136138987,-0.3767603530344701,-0.5497627818386608,250,356,310.39677419354837,330.9586548144033,-0.8173622979255201,0.35178441386363835,225,376,301.3516129032258,1037.7567519705544,-0.3610084325373432,-0.7402643454963838,175,353,262.7537634408602,1980.0803141312776,-0.09911952408857916,-1.172318836005403,321,534,436.72903225806454,688.0664328622521,-0.16603971677227075,1.5923050744378164,629,1212,832.4043010752688,11202.26478234198,0.7591871519185542,0.011052430466056418,406,769,536.8193548387097,3765.0007014132434,0.752979429963788,0.0763863826390292,459.0,6090_3_0
240,264,252.76774193548388,16.159130525365466,0.0932391548108303,0.1702601459468247,204,252,231.19247311827957,69.35473338194613,-0.06248362245352657,-0.13769086842292344,233,347,314.0698924731183,301.06615391738137,-1.4107793943830098,2.7449961138445387,208,376,306.5397849462366,825.4349063046171,-0.474867608431897,0.2235856020636593,167,363,267.2,1595.1268030139936,0.163841941726417,-0.6133030062567988,216,525,444.4172043010753,1152.7730083220483,-2.1938675128842435,9.62991456492917,428,1096,829.0311827956989,9300.482341979467,-0.1136216360379359,0.9055719544426513,267,704,534.0172043010753,3296.744590668658,-0.36092154828244405,1.9394676170110694,460.0,6090_3_0
244,265,253.6483870967742,12.904222368832249,-0.02205217458694842,-0.26459651254920935,209,253,232.9516129032258,53.93845272405292,-0.0616152498606743,-0.16998854290202647,250,346,316.30967741935484,172.14942185492555,-0.840263375447153,2.1295464049658372,222,375,312.86236559139786,545.3308749146383,-0.2553883129868365,0.1745383120487003,186,368,276.09354838709675,1168.5606687732213,0.09051359270109245,-0.5495193262050067,288,528,444.98387096774195,556.1816556130422,-1.0209184494847503,7.293521622444917,536,1110,803.8483870967742,4841.777849925345,0.4720277184282759,0.926930606055147,352,716,519.7032258064517,1662.5490746206465,0.317407841907099,1.5381486729577745,461.0,6090_3_0
239,265,255.18064516129033,13.95872078891628,-0.9927770233928563,1.9876379937379625,204,261,236.61935483870968,72.6235216500573,-0.9101016464976265,1.259844610225561,235,392,320.22795698924733,364.69286665046235,-1.360029535306323,3.7700072165880147,208,405,321.48817204301076,856.3061032211766,-1.0673288145435538,1.48929680465581,173,369,289.8376344086021,1414.9133291665219,-0.7304923579796517,0.18356864193057465,247,530,438.34086021505374,1067.5876720256492,-2.2806164699174696,9.771101119563301,428,978,777.3086021505376,4433.152240239822,-0.9939180897870195,4.978894024767457,282,631,506.10537634408604,1751.1815641746823,-1.354017797335547,6.305363398193544,462.0,6090_3_0
242,265,254.98924731182797,13.653274997974467,-0.12200195788617474,-0.3116586895992399,213,255,234.83978494623656,54.35858768244268,-0.10971968364619489,-0.4231069482951262,263,361,318.2774193548387,215.67753046980798,-0.1327132863706329,0.11112592040084968,237,381,312.2430107526882,595.0216141764182,-0.12704916494225335,-0.3425324802603682,187,359,273.747311827957,1076.2084158014748,-0.160673763116395,-0.728064743818543,337,535,446.7774193548387,561.0236015139415,0.12314951412288035,1.1340736531303408,655,1178,829.3677419354839,7283.14126184937,1.4211072056697678,2.498277538725815,427,736,537.2086021505377,2253.5043392710395,1.3750969524165257,2.6634034591475046,463.0,6090_3_0
236,265,251.5021505376344,31.867056726506707,-0.07319931384041121,-0.6048901702637455,196,247,223.68602150537635,95.24684421912796,-0.09974199351443921,-0.75952271823301,220,338,286.85806451612905,422.9378520087503,-0.444004324805885,0.4942473603918094,190,325,266.86021505376345,642.4411495769529,-0.3346494691368421,-0.18786832897289285,156,305,222.04193548387096,938.8260113198376,0.299822417642626,-0.5612386219227861,198,537,390.49032258064517,3677.981068787111,-0.43972090683776943,-0.21299474576727295,353,1213,770.647311827957,30482.306047663693,-0.12672584573452134,-0.8118283350367679,223,733,498.652688172043,11141.497113325693,-0.17837813227670118,-0.7163064017551561,464.0,6090_3_0
235,267,250.93440860215054,34.53067699109923,0.06181180784585295,-0.7984115104243905,199,256,226.94086021505376,181.6272845121937,0.12923993988677154,-1.1845427475118802,217,369,302.0236559139785,963.1060059955785,-0.05005859141014315,-0.7702360626389098,194,390,288.18387096774194,2142.5807944720304,0.18955467994335526,-1.2334522353232549,152,366,245.82150537634408,3101.8087942868387,0.41350839333775846,-1.2260636465963641,219,579,432.5494623655914,3323.836625114298,-0.9287424465321773,1.380681592926682,380,1183,851.9344086021505,20146.304627475492,-0.17551464202368985,0.19149495490706459,242,746,548.7150537634409,7796.849826961585,-0.40961264792596785,0.5611862833324626,465.0,6090_3_0
239,266,256.22903225806454,11.276874197020728,-0.941100765021016,3.182562878733931,206,260,239.60860215053762,49.88324131624941,-1.2278119342629004,3.596584609734805,235,364,323.30752688172043,210.77292498582128,-1.9421560213391174,8.315124512570804,212,391,330.9935483870968,515.6555019271502,-1.5954673860743631,4.975354079212313,173,388,307.3462365591398,935.8261698901582,-1.3255559158970205,2.926765334509261,263,526,436.86559139784947,762.925940715534,-2.0396769122435745,11.017119015591728,470,1082,774.7591397849462,4317.108769980439,0.16893700789112379,3.9473193470705983,294,694,510.73870967741937,1601.065130733706,-0.3587234124632371,5.341350928540546,466.0,6090_3_0
248,268,256.81182795698925,9.074348646365037,0.1319149549688741,0.45024472113997804,212,255,240.56021505376344,32.58033149299165,-0.23140647086787336,0.8972194634202424,265,361,322.3806451612903,117.85064759193027,-0.16267364562863185,1.5729907676753783,240,380,332.3354838709677,296.819514566478,-0.6908179131034624,2.2126390116373553,189,363,310.9505376344086,526.217141798905,-0.807680187618252,2.1646435784138447,350,490,431.43763440860215,263.5337812655532,0.04428782481368949,1.0059420122247573,646,1043,753.3559139784946,1867.777386946306,1.4183328932393038,4.973897854074386,425,660,497.5021505376344,671.9682407953981,1.1815347945741728,4.06630823486894,467.0,6090_3_0
241,268,256.63440860215053,15.66167806752549,-0.1489302624546687,0.013850079906345236,207,258,239.69784946236558,61.69224510110305,-0.43726002207844744,0.19038385427267013,252,358,322.93225806451613,197.94481405604358,-0.490934160928189,1.1113578660593566,222,381,329.13655913978494,568.8693831961758,-0.7069197666037921,0.5938702207936042,178,368,302.4763440860215,1050.3810329062353,-0.7529445616981487,0.16294340118718997,334,519,435.7537634408602,454.3321978772411,-0.26341775764295505,1.5255812147168841,624,1134,768.5440860215053,3693.077171661053,1.2688820636209268,3.915450471563939,411,677,503.23978494623657,1188.7917416113985,1.0660927291000724,3.3790706595699564,468.0,6090_3_0
240,264,253.51290322580644,12.092944199451368,-0.02081834501006824,0.17171274860853325,210,265,233.547311827957,71.66460525249718,0.40557190326813575,0.5418958280307251,253,385,316.9451612903226,345.88396472099726,0.6024826594738212,1.4395993233253117,228,410,310.9537634408602,720.2788071345069,0.39859801964642194,0.9625271329054157,179,381,271.23333333333335,1042.7775744528165,0.16544211341960804,0.22930503768430288,316,545,448.2752688172043,943.2912068706088,0.14190762648698635,0.5930933415935042,599,1098,828.3193548387097,6065.858074933157,0.33743188532181073,0.05478330027145306,373,711,537.921505376344,2118.8409794321565,0.3120971880031472,0.21583264507062117,469.0,6090_3_0
243,266,254.29569892473117,9.612145097630705,0.045878272741512696,0.6112619980867047,211,257,235.73763440860216,45.330444344132324,-0.021734168086914186,0.3004099186678597,262,387,320.46559139784944,203.78406773383335,0.3102885853376596,2.514587514559162,239,400,319.89677419354837,492.9990207993333,-0.04539356990791874,0.7835188473124663,199,376,284.747311827957,844.4624523999676,-0.1445191564028999,0.023126948497588007,327,548,447.61505376344087,674.1229163049643,-0.16850042065908194,2.021696318295473,638,1027,806.2591397849462,4560.620610669352,0.5050005305633581,0.38039338560515246,393,660,525.1376344086021,1542.2436843871894,0.3915628783381504,0.5995896640808982,470.0,6090_3_0
239,264,254.1290322580645,12.228757942984133,-0.7017994847283086,1.2999132424739424,204,254,235.30215053763442,60.310113777098735,-0.830424879715039,1.6495911143063369,233,368,318.5483870967742,311.2102503559152,-1.223091556630735,3.8195334144290003,207,393,318.7548387096774,732.7342338275635,-0.9867049539937977,1.931447181184688,165,373,284.69139784946236,1207.4514867414377,-0.7215218534798696,0.6748538409238165,250,524,440.43333333333334,1210.7991029781126,-1.3604929532425163,5.048590109272306,447,1123,795.7279569892473,7908.592220794704,0.43028177264563433,1.7730628543478364,282,704,518.6193548387097,2939.064856418626,0.21092668919341337,2.172576670826885,471.0,6090_3_0
239,267,255.1462365591398,11.055018114054887,-0.2988238547827645,0.9933396786026498,209,256,237.83978494623656,41.68905054573654,-0.9051491179491907,2.187631517438966,252,380,321.55806451612904,163.8443105663391,-1.2586899348385532,5.493118606331235,224,386,329.23548387096776,492.6904510573284,-1.365386074927043,3.360319859090776,185,381,302.6193548387097,942.6622729955901,-0.9979889691041531,1.5850238070727034,267,531,437.0870967741935,562.2475190110767,-0.6155560169484328,5.801146335006262,508,1034,769.5193548387097,4150.363995277614,0.9126971653934914,1.663653110051869,317,665,504.59032258064514,1514.5241258377027,0.6543392040246263,2.191118446914891,472.0,6090_3_0
239,265,254.54408602150536,10.353813211106864,-0.20934995358221223,0.7726820806697003,208,267,237.61290322580646,52.336539463175804,-0.1098197960370306,1.5687203465235005,246,391,324.81720430107526,303.63501047490075,0.18532065506195242,2.528666394243536,217,426,330.4763440860215,675.3433579869671,-0.23066785441739568,2.01045330665998,181,400,296.8763440860215,950.0051448545667,-0.4282812596080036,1.2371556643146837,290,570,451.98279569892475,1177.6014259754388,0.4008489865307705,2.0950614198039545,532,1109,804.9655913978495,5348.825510145028,0.7080270910249488,0.9814462330155043,342,703,529.0731182795699,2139.822419759945,0.6837331846696815,1.228535602320366,473.0,6090_3_0
241,265,253.15698924731183,14.408051205481671,0.4390823443822232,-0.1374634167331381,214,263,234.44301075268817,85.1619801613482,0.7251669825767689,0.016743052932376656,272,378,317.5010752688172,448.523680220378,0.7285138032370323,0.04644448411330471,247,408,320.2204301075269,781.8275692443024,0.43972846044416436,0.04360878091962217,195,375,285.03655913978497,976.8059816891791,-0.09165640631954507,0.05206100793483648,377,548,441.43548387096774,1187.593787978749,0.389150591406827,-0.41072736908025886,630,1000,792.6075268817204,5633.911461046101,0.12238143618883364,-0.681984632427858,420,666,524.0225806451613,2172.381620889614,0.18545451953664907,-0.6205412249450584,474.0,6090_3_0
247,275,256.69032258064516,14.909378797874925,0.7985620365174552,0.8281829421945646,219,276,243.0989247311828,86.63605912242323,0.9469625451127925,0.7013556874727458,284,400,329.93655913978495,446.3307394932694,1.0723686943721147,0.5586817213060744,266,444,342.8215053763441,757.4277393890991,0.7801062937199283,0.842471507871108,225,425,317.0075268817204,858.0634524346909,0.10264437647395803,0.8412825475428525,380,586,442.6666666666667,1255.5766056691784,0.9926596099889772,0.4329535186597897,630,970,768.5817204301076,4102.256500804426,0.5933162512557828,-0.43223813448104753,427,627,509.9612903225806,1666.3300392374736,0.6524311351453864,-0.38024093814724225,475.0,6090_3_0
243,267,254.0215053763441,8.482790554097855,-0.07913575924894961,0.8749377365753905,212,253,234.97968936678615,30.969682678511198,-0.48642463451017004,1.34966446898855,258,351,316.06451612903226,135.44559345578023,-0.5512774732765715,1.7340201645054751,237,369,318.7741935483871,404.10325667541287,-0.5726740330386436,0.9617040788284434,200,358,287.1015531660693,689.560248780962,-0.37988172347592797,0.4367505766782953,338,530,432.98327359617684,482.21024620854837,0.11367246959588408,1.8217138083442572,606,1122,775.9402628434887,2967.9748961030796,1.239196959371546,3.7796426125017764,381,684,509.7431302270012,1025.557144735413,0.9468235073874849,2.789776943145804,476.0,6090_3_0
238,266,250.33870967741936,13.477186707871798,-0.07691481482364113,0.6975229575460737,202,243,223.75483870967741,44.430681620889615,-0.3789187571104812,0.645542320835665,234,378,299.6193548387097,420.5029619083996,0.21618375537128576,1.2710496670757951,205,342,276.8032258064516,490.5134449112817,-0.28561625322947715,0.5185509227900837,163,270,224.38064516129032,403.14235910969137,-0.453597360538431,0.007104969577031106,269,583,428.48172043010754,2054.788147736611,0.12866240606628623,0.8588637301905067,542,1157,839.7268817204301,10795.186897693207,0.2707757473849488,0.02191850559975217,346,733,538.0881720430108,3997.475532715256,0.1503934720817286,0.19456341800912558,477.0,6090_3_0
238,264,250.61827956989248,15.764789286665044,-0.057328144335543556,0.03373979791003645,200,246,223.8956989247312,57.964351771473545,-0.15455224763549452,-0.3031337961649663,228,360,302.3301075268817,559.1858525180272,-0.07196577440700944,-0.20707196340429634,200,343,276.1698924731183,539.3553896547334,-0.3111765965338317,-0.14122729623345665,162,305,219.71720430107527,474.71111381182214,0.47920526964757665,0.8018055758698477,258,600,437.53655913978497,4109.943226037941,0.21787943769356846,-0.30832260462602834,439,1309,873.741935483871,27631.54797041564,0.47431287584955717,-0.4888839013382422,275,815,555.7043010752689,9884.615374376426,0.4211354129035783,-0.4189079292536291,478.0,6090_3_0
237,264,249.88817204301074,15.668858872414551,-0.5062662181452293,0.5065246437798043,198,242,222.6440860215054,51.06048705394863,-0.5986964207342533,0.2600748274865472,221,364,302.99032258064517,633.4476995729018,-0.44275153012403345,0.009190272165507718,190,330,273.210752688172,571.974911165897,-0.5600392303407019,0.27971203624387364,155,297,213.00752688172042,325.3271768695672,-0.233220058168687,1.2838106336160413,216,599,450.61075268817206,4749.441434309062,-0.5026778761128707,-0.15844035168699566,400,1262,913.4602150537635,28919.693248608168,-0.28204960887120706,-0.5679166652272185,254,791,579.310752688172,10964.601929465143,-0.36281098759288055,-0.4623285849970893,479.0,6090_3_0
240,270,251.3795698924731,21.409054712547892,0.8330831797146994,1.1429264139689082,205,258,225.09677419354838,61.81409076704051,0.6032127128904257,0.7425638329120869,230,355,298.76129032258063,272.54790791346926,-0.13569995698159837,0.551081854346954,210,362,279.4043010752688,499.4359341180828,0.3510730681800736,0.3971924294119771,161,327,229.51720430107528,630.058368924847,0.6608423386525166,0.5352873121234003,261,547,413.4548387096774,1318.345105732838,-0.06559811885255266,1.655503535889264,440,1125,785.7763440860215,7150.99405766404,0.42561758231668034,1.4155390634214173,301,710,503.5376344086022,2813.7924464969847,0.4001667391148567,1.70146151877971,480.0,6090_3_0
238,267,249.41290322580645,17.46118962463974,0.6559196351772782,0.7173770200512535,204,258,222.79569892473117,71.63528826232393,1.1704128298761576,1.7898600768566757,248,380,300.2204301075269,449.7543722582961,1.0437184048892856,1.43701643813605,220,389,274.8032258064516,739.4994513698391,1.2275341723573048,1.8922670415200926,169,337,218.7021505376344,746.6959049504034,1.3880381339406893,2.0558907025941595,301,559,442.7462365591398,1297.8580321075963,0.19451686602348825,0.6783699814543356,605,1113,889.9559139784947,5395.1961167633135,-0.3864808985046224,0.7441553181849501,377,704,570.4677419354839,2095.9327580818776,-0.3639665178731615,0.7441919142411297,481.0,6090_3_0
239,258,248.35698924731182,10.460150236698032,0.3674633253029619,0.0680061106739207,208,246,221.26451612903224,37.725434910934425,0.7554557256912722,0.5218886253914921,259,353,296.26344086021504,219.3201905158744,0.5084912405116543,0.06616721522406577,233,344,270.5064516129032,410.308354456752,1.0208741166137445,0.9998148853840538,183,323,215.76021505376343,566.9725812238852,1.772910845212974,3.494059687586253,339,519,439.1731182795699,727.2025058740466,0.15652493385759664,0.08084147259526198,669,1142,895.5956989247312,5560.346590738104,-0.09330371646605728,0.08037233902984742,433,711,576.0290322580645,2014.2499635404006,-0.12297836144131116,0.0690900545924582,482.0,6090_3_0
237,272,250.25806451612902,21.401576443626514,0.4524320094619662,0.99239209543954,199,262,224.91505376344085,82.29740500248852,0.6393454579193807,0.9795759772880692,221,380,301.68172043010753,464.8910540875262,0.07939688015799648,0.7670236229684355,202,406,283.7881720430108,966.9572334687547,0.6985956250272003,1.1025217147897104,159,390,233.8247311827957,1313.0510561709318,1.0622551798016169,1.1402644324724864,247,555,427.0774193548387,2138.7884023750826,-0.6322355068391571,1.3289228309004413,429,1119,817.3139784946237,12386.256532055511,-0.1747135353483314,0.27146182507119665,263,721,526.2,4678.142949407966,-0.3640378963113705,0.5332920144382283,483.0,6090_3_0
236,269,255.3,30.311410118406894,-0.4770798737942954,0.6196480828433621,201,258,234.28602150537634,96.66514346562958,-0.9960428329730567,0.8256019372366143,231,359,314.7032258064516,283.8214104656412,-1.5502165535027743,3.9095302943727157,202,353,309.02043010752686,768.8574938944639,-1.2429317082237323,1.2007146124588202,158,341,270.3784946236559,1398.8770397120272,-0.8561641507888705,-0.12250236441194895,236,562,417.51397849462364,1332.1854879220343,0.28628605482197483,2.492459323914172,435,1160,747.8677419354839,9690.44642869544,1.1805222712252204,2.0609181962161864,288,729,489.1333333333333,3244.2879081449587,0.9510915572473331,1.9524919137430956,484.0,6090_3_0
249,277,256.8,16.08697524219591,1.4285332998465465,3.830898116180424,223,267,240.90322580645162,38.315705406437715,0.6783861636016736,1.39072153734279,302,375,327.6795698924731,112.83801057907101,0.7731865465898512,1.5349475008077826,278,406,336.41182795698927,329.1811301318333,0.48291911387297626,0.6885062044227062,235,399,309.59139784946234,711.0320034260449,0.06289201146630212,0.09563133660771017,364,523,436.53333333333336,488.61514172945823,0.18291211577099975,1.2487903453054416,578,1002,754.4795698924731,2949.6427468546367,0.6259797637884433,2.1328415629192063,379,637,496.210752688172,1118.2354063219789,0.34769111917619444,1.8312308814912308,485.0,6090_3_0
239,276,254.0774193548387,31.66891905968957,0.14036235352612048,0.06388394481580528,204,261,232.69354838709677,105.63580332650439,-0.2874932537385197,-0.5087743926178763,234,363,314.0301075268817,338.8085651122145,-0.8430308776697883,0.9718389822953681,204,384,305.9548387096774,1040.4199173582417,-0.3201950680077784,-0.6749268799900654,160,379,264.69354838709677,1993.49586791208,-0.037240938190313086,-1.186049895392356,260,553,429.5967741935484,1272.3420778499253,-0.2097460043913018,2.262537367694746,499,1148,795.8537634408602,9902.22401703763,0.6465378801916214,0.6999269581096792,319,745,513.8430107526882,3406.016232045094,0.5001815144220585,0.9127482901839707,486.0,6090_3_0
237,266,249.27849462365592,22.62741646121972,0.09081863693973839,-0.1632187191121468,199,245,221.3709677419355,70.53930692037918,-0.1980173768674241,-0.41545250889945917,220,357,293.23870967741937,489.46717594360916,-0.418351950349532,0.3770576930908969,197,332,266.7215053763441,573.0299998842552,-0.39273913438553304,-0.09268269585351696,158,291,213.32903225806453,495.0111045522414,0.0736173987193358,0.04001050748542534,226,555,422.9247311827957,2869.346319895367,-0.8247642044833469,1.2721734882830757,391,1196,857.7107526881721,17289.831208259544,-0.5732559712803399,0.5196954386063846,263,733,546.8569892473118,6622.34874011829,-0.6868614616901595,0.7512896142717103,487.0,6090_3_0
242,264,253.19462365591397,15.046042107943563,0.1573168415996978,-0.3293051240702587,211,246,227.63118279569892,41.145851129090126,-0.09493534418628931,-0.5155699897008983,261,340,304.0064516129032,203.02902184103615,-0.20972426585015874,-0.33523313549173084,235,350,279.47956989247314,337.23801057907093,0.3607313504501119,0.2912024652912093,184,328,226.2774193548387,559.5698878433278,1.3867411653984894,2.147247342205479,351,517,447.0537634408602,755.2565251108256,-0.17865090715608914,-0.13339537622054465,667,1160,931.1774193548387,10165.646637036009,-0.17351996270183973,-0.8000649945624723,422,725,593.6655913978494,3487.0430558931444,-0.1733446777268795,-0.8257213132394514,488.0,6090_3_0
243,268,253.31397849462365,17.23607995647997,0.3289904968568746,-0.06772510010132216,211,260,229.89139784946238,61.87732097179301,0.10696335521492735,-0.3300537370977694,266,348,306.76559139784945,235.29913770154056,-0.04309076738012452,-0.6275568701165071,236,376,292.4559139784946,696.2138777966828,0.25045051155575954,-0.5785765087035761,188,362,249.2752688172043,1433.8208085928911,0.5247008181952572,-0.6430283809068049,384,545,445.405376344086,663.0012627753279,0.853537914974686,0.7323103713758035,682,1231,888.6978494623656,15161.681480838455,0.5317058736090019,-0.7173052604683776,450,756,572.6064516129032,5051.737310323275,0.5420036993955871,-0.6909851811540078,489.0,6090_3_0
245,263,255.2494623655914,8.897873768765121,-0.21979774328025733,-0.20993854179983673,217,254,236.40752688172043,35.798221003044084,-0.17814827574867356,-0.2323729371786607,282,359,320.6720430107527,124.56294200030094,-0.17601820249078187,0.23298307828932208,261,377,321.0043010752688,391.2637059157147,-0.2594758449641902,-0.2518458565755535,209,361,288.5268817204301,721.8684908040788,-0.2869198777798038,-0.37900775021697,383,494,442.22688172043013,247.1142389203329,0.11291470211102173,0.4702448613536361,703,993,791.4440860215054,2054.940357882797,0.9793426099654498,1.2582885902656864,465,639,519.2881720430107,718.1321527367847,0.9262874372424809,1.2941703397864064,490.0,6090_3_0
243,264,255.16666666666666,9.501794043774668,-0.1130677920522687,0.08851140568208171,213,254,234.96129032258065,39.04048057224208,-0.503618637526173,0.49099808706494663,253,349,314.3709677419355,157.65879023577205,-0.681279577076613,1.7752886925686147,221,363,312.01720430107525,424.17193189578336,-0.5424672415745473,0.5254875305627422,187,343,278.09032258064514,758.6527587763464,-0.47007773832500965,-0.13863156827818113,276,493,422.30752688172043,645.7417086241421,-0.8102116703822598,2.30903502997793,506,968,750.4720430107527,3576.503523270484,0.10445360745010714,0.7058725063338591,332,636,491.6322580645161,1239.6084308482932,-0.04552259473422393,1.3100603294254896,491.0,6090_3_0
236,266,250.72150537634408,32.45303540632198,-0.08254776297583089,-0.6905698638869744,196,248,222.2258064516129,93.67769714226188,-0.2583682978478376,-0.7252163302184749,213,332,282.2763440860215,455.0355000752341,-0.5898946736469787,0.2298862610740109,192,337,263.48387096774195,798.336122782041,-0.2595720970788189,-0.6199290396869706,156,297,222.09462365591398,1081.6896373716681,0.13048262276363953,-0.9241972734633426,202,488,372.39677419354837,3635.615274835932,-0.532099949575986,-0.37519823917087347,323,1045,712.836559139785,24863.79026586571,-0.2660001181580842,-0.8729026534071678,208,662,458.6322580645161,9420.66117573527,-0.37264980536653325,-0.676479179498783,492.0,6090_3_0
239,262,253.19892473118279,19.982991307568547,-0.5329160639995772,-0.40377177427964517,203,253,232.2010752688172,119.75177494588932,-0.637095951839344,-0.5760607402423412,237,365,308.7978494623656,585.661997523062,-0.8043588719187016,0.003294622566822003,205,366,307.9967741935484,1433.8439077745754,-0.8396308130938396,-0.3803252892763136,167,354,276.8344086021505,2325.436489692929,-0.676650798086775,-0.7603976552864045,236,567,420.0462365591398,1426.0032420107182,-0.9280712483470123,3.8602199368420367,394,1120,764.5010752688172,7953.800321770433,0.4672472164430163,1.756727868546208,256,706,500.43655913978495,2905.1095338958526,0.021091073662630116,2.4487970773535244,493.0,6090_3_0
243,265,256.56881720430107,8.658875886894219,-0.4382917819658857,0.589066208469355,210,252,239.80430107526882,33.91429795016031,-0.9529718261211163,1.5115364474880852,255,363,322.7924731182796,115.43697234857692,-0.6797138392903321,2.6521932655250424,227,372,331.31075268817204,333.52980890540186,-1.1371041903077566,1.9633838820850489,187,364,308.27096774193546,705.0136879752769,-1.0912873750597627,1.038569716378035,355,522,431.98279569892475,462.96848733173607,0.5963525676373709,0.7503298248861072,643,1039,757.0075268817204,3693.9687269233887,1.2598866066019165,1.6662719688087186,433,678,497.35913978494625,1208.3681887102562,1.1766615225668915,1.703344646864391,494.0,6090_3_0
240,280,257.1967741935484,23.24541477134623,-0.8337617929658503,1.7967056525935376,201,280,241.06666666666666,111.40351632579835,-1.187765896011125,1.5621215659707275,234,408,322.85913978494625,486.0005891408267,-1.7188369467503095,3.647470937847002,205,435,331.7408602150538,1208.695960507888,-1.4156819922811894,1.8472488263912048,166,445,308.0763440860215,2004.9747896338993,-1.2407835133447562,0.8942528498951341,225,547,426.0043010752688,1532.7147285206663,-2.0000420069268348,7.223079675955512,395,1186,747.3795698924731,9349.594200030093,0.6229907289509279,4.355127010339698,244,756,489.1494623655914,3643.7634281282913,0.14218625506730975,4.5768545085741525,495.0,6090_3_0
239,268,251.84623655913978,27.994630600599564,-0.10866681780184444,-0.6468955808356345,205,258,229.31720430107526,136.4385626815746,-0.214620966248491,-1.0061997538368053,234,360,300.9989247311828,640.829923492714,-0.5701566258584635,-0.6805786574010324,202,405,296.51505376344085,1652.9863178119608,-0.36316391783387636,-1.0064575776605245,173,393,263.36344086021506,2580.029232496499,-0.18152453633156454,-1.2079831227384064,238,515,416.63763440860214,1619.1548792203432,-1.3822334169572308,3.539260943918527,430,1036,783.4634408602151,11137.471751333958,-0.1215941769343786,0.3352526674587919,277,662,508.9021505376344,4079.681480838455,-0.364649185945701,1.0483222380173753,496.0,6090_3_0
239,269,253.97096774193548,13.261804229313514,-0.29967204724756125,1.3159543144235029,204,263,235.2225806451613,56.05266502309109,-0.1648922442313577,1.1246644515953497,232,424,318.51720430107525,384.42004814982,0.7041645455718666,4.599491311979036,208,410,317.3817204301075,555.9886859497436,-0.4763640471872214,2.38174796914614,165,354,280.21505376344084,816.9160271768695,-0.5170900007234586,0.703713946229445,251,667,437.5064516129032,1603.6861800756972,0.9967467271398851,6.606940967373058,433,1250,788.4537634408603,8060.263198953668,1.302278912970748,4.314269705230444,273,782,513.8709677419355,2815.014549116289,1.09409410447078,4.550813081076253,497.0,6090_3_0
242,263,253.2978494623656,10.289015822308645,-0.06058489132676718,0.02036232801685811,211,253,232.66451612903225,45.94330358693009,-0.19727204771002121,-0.05689508260960485,252,369,314.73978494623657,205.56623030892277,-0.34314711524922353,2.0942141288692344,214,369,308.38494623655913,434.6912693727792,-0.4778611368929916,0.676892312000021,184,332,267.6322580645161,809.0573006007152,-0.12740781191601694,-0.5683995068294618,288,523,441.26559139784945,989.4740569695707,-0.2925022832169458,1.01279824281381,514,1120,811.552688172043,7682.488609558202,0.2858592084236443,0.012340272599471902,329,722,525.4483870967742,2591.3025000868083,0.32359603847772866,0.3077657538038143,498.0,6090_3_0
243,262,254.352688172043,10.163959396738312,-0.479657708793237,0.4670912000354055,210,258,236.26021505376343,56.19055754250726,-0.6253155089948728,1.1336495098432238,251,377,323.4301075268817,284.40899568272044,-0.7046703418297794,2.9327138960327144,227,397,322.3795698924731,593.3423162841301,-0.7993489474228941,1.7584496659268343,181,360,283.5860215053763,905.6852726367814,-0.775738225222762,0.44831896411959393,288,553,448.1225806451613,1115.8794680370847,-0.4260051408227032,1.8537066067907766,527,1173,807.0430107526881,6532.471775640358,0.6005962226056316,1.0427084732438816,364,744,527.0172043010753,2399.0201557924465,0.5106986612844997,1.2558105646141433,499.0,6090_3_0
241,277,255.43870967741935,13.441341713253932,0.08678600761077779,2.9283874461268162,202,275,236.93440860215054,51.57696332048565,-0.6942420603119601,3.340866332040447,231,389,323.2548387096774,260.8273446994687,-1.1128072360803556,5.836424796882914,206,473,324.0397849462366,621.394540319687,-0.8210513180443977,4.895393026705835,161,449,289.3021505376344,980.5533861129437,-0.46579637852765665,2.5586715944199607,250,588,448.94301075268817,974.3724214961167,-0.9266670040082194,8.280569318951628,455,1188,804.4935483870968,5859.77875273447,0.8633809966287287,3.5256022600299675,290,769,524.2913978494623,2108.172261768348,0.6265675443861777,4.597705945485971,500.0,6090_3_0
240,267,255.90430107526882,13.757247358125861,0.19386621496580542,0.45048497901873175,207,256,237.27956989247312,56.376008426218505,-0.33083214889343626,0.3209491790056247,251,358,321.98494623655915,190.1956827204648,-0.9876782459349613,2.815175710665102,222,383,320.9182795698925,539.3065546257394,-0.5068187368128108,0.3886043047934731,186,362,286.64408602150536,1032.3801856545945,-0.22550207319832627,-0.2746738721266002,269,540,447.85591397849464,577.6799703693414,-1.189598439734808,7.5838153972621765,519,1057,810.4698924731183,4647.030847135896,0.4329265268371229,1.5221633497022573,323,694,527.1290322580645,1577.9295114413694,0.23930179582032515,2.06953677848184,501.0,6090_3_0
245,268,255.51827956989248,11.954993807655358,0.05920242743821845,0.23945831801492856,218,261,238.32043010752687,51.52477053601398,0.23962338149004825,-0.004531191545009694,280,373,322.8344086021505,197.63024642059332,0.13800711246340533,0.3842056347870155,262,393,328.6623655913979,417.0721020405801,0.06733837157870225,0.5138441327101022,204,375,299.03548387096777,702.5918504114726,-0.04727601102939539,0.2641768270312981,361,521,443.2247311827957,525.7007870643656,0.32509153473076324,0.5621572285386129,651,1091,786.7924731182795,3131.8180272463164,0.8711492420458583,1.762523341421435,437,718,517.2806451612903,1154.957752005278,0.9296314564654904,1.9002621726942266,502.0,6090_3_0
243,272,257.05913978494624,19.44213919464796,0.18294979476068987,0.25778124582939466,210,281,243.65376344086022,122.01131520770399,0.3806552928544305,0.1652527767990697,270,433,338.7795698924731,687.1967834531291,0.5723003153419308,0.24736414583203725,249,484,347.5387096774194,1297.848338483975,0.3572823517031267,0.5945777281813864,187,458,311.2763440860215,1498.8008391495075,0.14666664892708534,1.0072566696257148,346,651,477.68602150537635,2336.362021829462,0.8138574835779536,0.38749459574165046,667,1154,850.2139784946237,8374.831451323542,0.7207969755512321,-0.08488180613155549,433,751,560.9795698924731,3424.820895401461,0.728088121779489,-0.13126818042824517,503.0,6090_3_0
244,276,253.9772998805257,10.409771169533478,0.7570435025607344,3.50860025279803,214,267,234.32019115890083,36.21314446102222,0.4282779566903339,1.5900986530615162,265,375,318.452807646356,136.97294964357783,0.10924664368606225,2.138544061619439,249,441,317.5005973715651,391.6402508388926,0.5627376707685233,3.0911843616176187,199,415,280.25925925925924,700.0295941874889,0.5819459714535056,2.3043293537150893,301,517,447.0131421744325,532.6613103302407,-0.7387992486564134,3.6865989622014945,519,1039,807.7287933094385,3868.882100575649,0.3364120218481068,1.2972735249440213,348,667,526.6415770609319,1291.1775994237794,0.1536719666409287,2.0058472511576557,504.0,6090_3_0
237,288,252.71827956989247,25.19503686470595,1.0221882090259786,4.624714808209676,203,284,228.23440860215055,73.12906235170205,0.6310252046057793,3.3958801884604046,238,408,310.905376344086,429.4033079852309,-0.20320939506395946,0.5618648795552272,209,442,290.76344086021504,662.8352604835817,0.2632436676228526,2.3896671066163666,163,428,237.49354838709678,950.0306364804335,1.0670936453913404,2.9409745566628347,256,565,445.4129032258065,2340.7722768151675,-0.10982377563154586,0.36052918454116334,501,1144,860.8688172043011,14730.583418405731,0.14667379935087319,-0.6514743592697374,311,724,552.0720430107527,5251.059389793628,0.07539672095915849,-0.5272232563034724,505.0,6090_3_0
235,273,251.45698924731184,22.474466706019886,0.47309596515042107,1.8411211973170003,198,264,224.20645161290324,66.43311226084238,0.34970599678589437,1.9407797391637303,217,365,295.5258064516129,363.12581339629844,-0.5668149161320817,1.6466153394499319,192,372,270.0978494623656,474.5706089331805,0.21896114513700907,3.096558834119717,155,345,216.95698924731184,509.817308471359,1.317971800523127,5.38758012298387,247,520,422.3688172043011,1879.3503721194022,-1.138951912262856,1.98771126540238,429,1111,857.3193548387097,12405.36076599882,-0.6789238557443271,0.4383550949649009,256,692,548.2344086021506,4715.4433788210235,-0.8062586466865773,0.8148640823921167,506.0,6090_3_0
237,273,250.25806451612902,19.71374006041876,0.691924326477976,2.147295064822348,200,261,222.2763440860215,61.64691019364099,0.693171421429942,2.189920233903874,227,354,291.9731182795699,268.097231385349,-0.2707673779545943,1.8189900064341664,201,359,268.2451612903226,464.48665578665924,0.4762042841845683,2.113201652204391,162,336,217.71827956989247,656.508276907763,1.361443446577848,3.3098767168502787,237,586,410.39462365591396,1977.660035649386,0.03731028899236037,1.4926552901340981,419,1180,815.9569892473119,15297.440559278679,0.40589624194429397,-0.059580295360158075,250,742,526.0430107526881,5664.600946792134,0.3023911495326186,0.19991373804017165,507.0,6090_3_0
239,271,250.60752688172042,16.46259129367918,0.8684403567398935,3.234649845651356,199,255,224.46559139784947,50.23401391252011,0.31568986202694777,2.3861942848712943,226,355,305.2075268817204,410.739448128986,-0.4776346521205324,0.5938697870908558,203,348,279.51935483870966,479.5028542657732,-0.3054679792022458,0.680189970616139,162,320,221.74516129032259,476.9328344734192,1.17017919419858,3.8145334061064586,254,567,443.0408602150538,3003.653872240934,-0.439819450852847,0.23500477209701476,460,1197,872.1333333333333,18473.997273053465,-0.33412902035082737,-0.46176874143353297,264,748,555.6430107526882,6787.127534520874,-0.38995196115524877,-0.2802132051727164,508.0,6090_3_0
241,276,250.94086021505376,21.09122423232288,1.6878789214046481,4.69150537393821,210,270,224.06129032258065,59.84876905448106,1.7778834065879658,5.248730198230609,256,371,297.66129032258067,237.65587346782874,0.9757451616422291,2.604853071932297,231,383,274.9548387096774,474.62013264349457,1.427125666359092,3.7104765621494797,178,350,222.39247311827958,613.9286838663379,1.6474743273159311,3.9220367151422613,307,524,433.3763440860215,828.6935194509068,-0.28518151773003114,0.3652063864773978,620,1110,873.3430107526882,7688.940343993426,-0.07624944712621329,-0.41875654796682227,395,698,560.694623655914,2753.288776230656,-0.09771761104734922,-0.35241433109344467,509.0,6090_3_0
237,265,250.00752688172042,16.513398613377777,0.05213846715751655,0.4071055814615123,199,251,222.63118279569892,58.66576501498894,0.28444330214996916,0.683263594216271,230,375,298.55806451612904,409.59242682037575,-0.16277166663800047,1.251058237652149,200,354,270.241935483871,484.30846557172123,0.0598968898933439,0.9016028300859507,160,290,213.41290322580645,413.57959651376785,0.5928967957716813,1.00405646022368,237,573,443.8698924731183,1896.7742271143675,-1.2467815631569343,3.315183599362217,480,1214,932.6602150537634,11360.566876164681,-0.6617252842717186,1.4762087618111996,311,769,597.1827956989247,4332.948250517958,-0.8351705154849961,1.927865185287442,510.0,6090_3_0
237,261,250.0752688172043,11.344167042837137,0.11077439086194904,0.244378641240659,203,252,223.6279569892473,43.82268365799738,0.2962258489198869,0.076200622239186,228,373,297.28172043010755,294.7859948840817,0.47114669744625126,1.6060678965077662,192,359,278.23870967741937,516.6964547380118,0.38900112605452886,0.23844315704177266,160,343,227.8774193548387,696.5748394041459,1.0241654394096287,1.32915863695942,231,575,413.3236559139785,1560.5485248330383,0.37658304351064736,1.6974728779667538,427,1140,783.5139784946236,8864.43091311041,0.4053443961704791,0.2917230855437807,289,707,506.1311827956989,3176.329381807239,0.35651800818545093,0.5247857868990664,511.0,6090_3_0
239,268,253.05268817204302,28.990762410731858,0.3262013445960052,-0.20939866546188135,202,254,229.2741935483871,101.77941942428555,0.07977012464091482,-0.40638579371532346,236,350,307.6645161290323,291.5041216708914,-0.8266484528837591,0.8342225089894448,215,355,294.7215053763441,803.7921096797343,-0.2597615918288144,-0.46889850737008754,168,348,248.98494623655915,1544.475553549313,0.29441409404260566,-0.8219542933320954,261,547,419.93978494623656,1310.8166070581153,0.10434906692914947,1.6651899851579293,494,1152,781.7838709677419,10765.540966700233,0.7824871295866384,0.421257502818829,333,709,508.76451612903224,3394.703368172506,0.7106349950689973,0.8213177706038643,512.0,6090_3_0
247,263,255.25698924731182,6.785338611294373,-0.24304436326825601,0.20899349489410124,218,249,236.8505376344086,24.088508860261353,-0.5911979508280026,0.39559743838477335,285,367,324.0451612903226,87.35425535608876,0.3748438039433211,1.498101758143262,265,363,324.1645161290323,231.1881905621723,-0.7072250343474793,0.7854721027637472,213,335,288.1645161290323,504.75116149866324,-0.8502918451196456,0.744989722242571,384,558,442.21827956989245,612.575553549313,0.7095112585494509,1.4410680889762846,660,1163,786.9032258064516,5063.4028959338875,1.241211039691053,2.502347483440417,442,724,513.8795698924731,1643.4257393196524,1.1936997840364165,2.455614048091495,513.0,6090_3_0
238,281,252.9752688172043,25.496696644559417,0.51448169722016,2.4319117400196877,200,268,230.29569892473117,100.19772098568238,-0.007709248386644705,0.5056203083911455,226,379,312.18602150537635,548.9093845851129,-1.1043187279824178,1.9168832586704339,198,387,300.13440860215053,1047.7181904464276,-0.4634145465301578,0.39337854106294445,164,387,256.35913978494625,1481.0248087317848,0.021397028059535403,-0.2892676641319065,231,568,445.69032258064516,2821.7705198097156,-1.6517318631381883,3.3267653846878025,369,1159,851.605376344086,15030.252070095026,-0.6994289799621912,1.6419502495181284,232,748,550.1118279569893,5731.914284060789,-0.9399238447266407,2.215318869417212,514.0,6090_3_0
237,298,252.06666666666666,35.123645496950125,2.8195083832249663,15.567814471959238,200,299,226.44193548387096,96.38252369873956,2.2643117237617756,11.755238294548402,220,435,304.5397849462366,438.08291491602716,0.7651257209094343,4.814681978856255,190,492,284.26989247311826,799.9690602682963,1.9951565777633806,11.558868288543302,151,495,232.14193548387098,1105.5040522240356,2.822095960079109,14.586801769849401,226,583,424.4451612903226,2050.7725546025904,0.19392226520127265,2.1619099699595434,408,1198,808.7741935483871,12936.646480780584,0.5029315175364124,0.648176381833586,238,748,520.8139784946237,4770.457285553896,0.390651596996758,0.7756238428187836,515.0,6090_3_0
237,288,251.29032258064515,24.595923469564912,1.6289057492978645,8.726277113868719,199,283,224.25483870967741,71.99419077051286,1.3996990495926265,7.47839859274467,229,396,298.73763440860216,456.97952938180714,0.04709200927263425,1.5523855104068165,201,455,274.5967741935484,634.6348657939511,0.9951560756402751,6.1232995037898625,160,425,221.34086021505377,704.4358959223122,2.1795971797973217,11.449780589961417,245,557,426.26236559139784,2302.3681192634,-0.34667464510379215,0.8429792692721092,503,1241,846.2086021505377,15601.637816127875,0.05432556238418916,-0.3396641033970309,299,774,542.5333333333333,5847.3772515249375,-0.09948338639605979,-0.1772558965212161,516.0,6090_3_0
241,268,254.80967741935484,16.574072016389458,-0.27047135232415415,0.02506592806898844,206,257,234.03118279569892,74.16371980508583,-0.38092530979813,-0.15364404654928965,238,367,313.1655913978495,295.53982661435003,-0.605065154422581,1.2781973359276035,222,379,310.56451612903226,794.3149935761659,-0.418443515531314,-0.1766127615140114,177,367,277.8817204301075,1372.9698484901096,-0.3862082166400633,-0.503474832849395,260,505,432.005376344086,663.6372154125722,-1.96312043908802,10.258837931539956,433,1168,786.3860215053763,5401.365358750883,0.7006391845828915,5.740406091572025,280,737,515.8666666666667,2051.499964119125,0.335113517450578,6.484494643682513,517.0,6090_3_0
245,263,254.54086021505375,9.217381390557541,-0.1393288126097035,-0.06848047604589524,212,251,234.32903225806453,37.16180422931352,-0.49280065644344256,0.3837561287896012,265,347,313.4150537634409,130.24735118117528,-0.4108008517717103,1.0914537197647176,234,364,312.41075268817207,357.0345451809669,-0.8414703383733286,1.5739131152951291,184,339,280.01720430107525,662.2709631121451,-0.7582039339296511,0.8793007487285647,337,510,427.48279569892475,472.7924916374411,0.2938363555209194,0.7659418325173823,643,1088,769.1763440860215,4441.549063046171,1.3572574273490547,3.0761576579706755,430,687,503.8795698924731,1522.2244476081344,1.3193833194861437,2.840330176774784,518.0,6090_3_0
237,268,253.24193548387098,19.595871384423067,-0.4439748245246206,1.0012717579991381,199,252,229.2010752688172,71.94983737861268,-0.6348418540643559,0.29742001387257133,234,348,299.3311827956989,310.6889081796822,-0.5799856584503795,0.6695695661067167,206,363,290.76559139784945,715.7749181105826,-0.4477649386606722,-0.04659610394246405,166,335,252.81827956989247,1178.4976202877415,-0.26328196602449244,-0.6874248365807141,250,541,392.0989247311828,1428.0203432989572,-0.2590748697898333,1.731161930534709,412,1144,707.4602150537635,9508.896693172215,0.5951022746477277,1.6012637975732087,268,723,461.08817204301073,3316.1644455247283,0.30619435277803403,1.7159140310218621,519.0,6090_3_0
239,267,250.9010752688172,20.390633934048637,0.2143890590419286,-0.07322907119260957,201,252,223.0989247311828,66.07847031725638,0.18158458731507027,0.016782775382130133,235,344,291.1225806451613,308.79227750963577,-0.010062398478387267,0.14923563135272122,205,363,268.1182795698925,480.11731888838733,0.13583432999550255,0.5575276537418694,164,335,218.54086021505375,598.5263157285553,0.6876464311687542,1.6131816242146266,262,514,414.56021505376344,1602.6815155618829,-0.34644327773078387,-0.08295827931336985,532,1138,833.1161290322581,13510.201784784193,-0.0783167095638601,-0.31890101548488925,350,715,532.4881720430108,5090.258740465525,-0.12378566666858372,-0.3791518719939275,520.0,6090_3_0
239,264,250.41397849462365,13.999589106103219,0.25119170726416384,0.36394656163835526,203,248,223.38602150537633,47.6775223676748,0.2560410344675205,0.48618048184952123,245,341,296.28494623655916,259.66575807030335,-0.11874566480223925,-0.10157993794333509,215,369,274.88924731182794,486.182553792377,0.6477976566263876,1.3283344535761072,171,343,224.44516129032257,715.0954824820307,1.4471574379130927,2.921872957815835,301,524,430.36344086021506,1114.173473615982,-0.2780016775856531,0.3432926353233774,561,1183,861.189247311828,9321.671358959222,0.130478153684706,-0.2576314423102408,362,743,554.852688172043,3262.5606224753174,0.11701715900040664,-0.24855234468898457,521.0,6090_3_0
238,266,253.65698924731183,23.09319652302742,-0.46720481943523695,-0.15012230086441303,203,254,231.99354838709678,99.04839751380254,-0.5648193706922677,-0.4649841749891648,240,387,311.78172043010755,442.45714666018495,-0.48633741304875583,0.9102479715132135,216,388,306.052688172043,1095.8260691922173,-0.6420898501000762,-0.3553990604100812,167,356,268.6967741935484,1859.5118302718843,-0.46946492900427,-0.8577043033313076,271,625,435.758064516129,1474.0329004479322,0.24936253838607172,2.8312163214707935,527,1274,809.6333333333333,10934.273376390383,0.753355654538032,0.4732505026718945,322,789,524.4559139784947,3857.3398196696644,0.6980664451789494,0.6435110893109641,522.0,6090_3_0
237,267,256.505376344086,19.791682581571123,-0.7596534975454807,1.1005747238561874,201,259,238.35913978494622,87.27453962521845,-1.1214924649064795,1.5993694618687568,230,366,321.5752688172043,384.6536395939674,-1.6820408937987998,4.248748034714262,204,378,324.0268817204301,878.5536361216247,-1.4551466553694923,2.328656830238711,159,375,293.40860215053766,1514.8554695186178,-1.138687705815821,0.9933702101755717,234,569,437.1666666666667,1427.6180480803732,-1.2836051825804182,5.806987586050127,419,1252,788.6290322580645,9714.85792909476,0.7885150064748744,2.50640140439228,256,800,514.452688172043,3527.197436253574,0.5218422949389296,2.91630417970227,523.0,6090_3_0
238,269,255.68817204301075,22.920957903630914,-0.3661992117575848,0.43350275226490265,200,262,237.7720430107527,108.2967417850157,-0.8463982417361786,0.9431032827257444,222,396,322.4129032258065,528.4773360186118,-1.1256799520114276,2.7695642294568446,200,395,324.0462365591398,1145.01938840469,-1.029027670973181,1.178758831475628,155,382,292.4612903225806,1876.3198131879578,-0.7232257773495391,-0.040756000968346306,222,599,443.0978494623656,1928.471577716819,-1.3502665769943618,4.973840139274161,386,1112,799.3129032258065,10395.997788117644,0.09137902730371836,1.3626429540161693,248,706,520.8827956989247,3831.582588515804,-0.21785737870444205,2.2197496389332123,524.0,6090_3_0
242,270,255.33010752688173,14.964108707478267,-0.1103972726466972,0.3866123318230321,207,263,237.36559139784947,65.29138743243401,-0.30454236281095803,0.7254466113481666,245,391,320.2021505376344,268.82238503651746,-0.2577375673087608,2.371319432150254,231,409,322.652688172043,647.4583619801614,-0.4536169059125131,1.2759436616368536,178,374,291.31075268817204,1182.3112943736471,-0.5239442177147566,0.17421104073473614,296,547,437.2225806451613,1063.9148824611966,-0.10701278421725977,1.4804508530349176,553,1148,782.3924731182796,7493.534711853421,0.9964556913110989,2.0015042816161266,356,741,511.56451612903226,2710.0458870099656,0.9313600341962249,2.072432100572316,525.0,6090_3_0
238,267,256.18709677419355,17.635570679537484,-0.46023468889203645,0.45542319033373957,207,276,243.894623655914,146.46251142979503,-0.37288531263563285,-0.3245920672584779,242,415,344.1333333333333,812.128597057768,-0.22200750072700817,-0.17236496215055386,209,447,347.2408602150538,1654.72556223017,-0.3321969774326078,-0.3197567383447617,168,420,302.18279569892474,2036.082803801058,-0.17425463008827136,-0.37618803895325437,308,610,482.18279569892474,2036.8233850712406,-0.2315364492387171,0.35888188657465747,594,1216,861.078494623656,7383.5492679143945,0.1800595947809921,0.5513309353345597,371,779,562.4860215053764,2799.404002453789,0.02224390825728858,0.6777218317750329,526.0,6090_3_0
243,273,255.08494623655915,16.999234927138673,0.5614281243862157,0.3508259104419311,215,283,240.3720430107527,111.10578376564001,0.6243533203005268,0.2768989800379962,280,453,339.7225806451613,653.2534185214764,0.7703826325419649,1.1568129282038377,250,472,337.9139784946237,1107.2692338854358,0.7893567321698687,1.035520511896161,201,411,288.2236559139785,1090.7335625079577,0.6753701882602196,0.5531122649773015,377,675,476.11505376344087,1625.8694179196038,1.126964933008227,3.1592821855592597,674,1158,851.1559139784946,5429.438527958147,0.6214299290551845,1.234486187061222,440,754,554.3698924731183,2028.7478546708799,0.6744224185074478,1.6197048500011908,527.0,6090_3_0
243,266,254.76344086021504,10.312117318888387,0.10430227850115145,0.9981498409668981,212,268,237.49247311827958,58.66140722478788,0.54344750006726,1.1409688154644861,268,397,327.26559139784945,327.818513374307,0.4814896832860799,0.8426101707620348,241,403,326.71397849462363,567.5262844774702,0.2425850261137086,1.037828725123676,197,372,286.1279569892473,731.487376876512,-0.048663676490572204,0.6520736573154129,339,557,453.73655913978496,1024.4052281907937,-0.07557052294435897,0.06387624549267379,591,1104,810.9043010752688,5328.1576779286315,0.4355878927383084,0.8370538050460965,385,724,529.5075268817204,1925.1544104540667,0.4417039627609849,1.0792060045685465,528.0,6090_3_0
246,264,254.76774193548388,9.181735476926285,0.11485530104557468,-0.20740721501542936,217,266,237.43225806451613,50.27150942741068,0.23995818890037324,0.6226712301159205,277,413,328.98709677419356,316.06872460849326,0.9330335898868745,2.348862684073886,266,437,329.52150537634407,578.9365660844707,0.5340561588799668,1.8587164153508002,194,383,287.84301075268814,671.4414204196905,-0.16835410994471675,0.6746679314671202,391,630,462.9967741935484,1091.1722177853399,1.421535735670468,3.8986425500077573,674,1127,828.2903225806451,4410.658356192923,0.8410132827570941,1.4808380203315474,452,729,540.8043010752688,1673.660261351667,1.0211987491128207,1.8550256356169692,529.0,6090_3_0
240,271,255.28709677419354,11.272707385673115,-0.33352659502871423,2.6681873874127238,207,254,236.70430107526883,40.68426565737236,-0.9745726922252302,2.361928776390008,238,368,321.15698924731186,219.8590738104332,-1.456705569085142,6.296903527684666,210,398,322.00967741935483,438.1107781520192,-1.3831950636993142,4.503693388848479,177,389,289.4182795698925,736.8334652823594,-0.950586924093097,1.9565640575878733,236,564,441.3376344086021,1074.1248469275554,-1.4317582397690056,8.28132155844839,407,1122,787.7279569892473,5857.218700880819,-0.19352180451127193,4.296028685813401,253,711,513.6505376344086,2138.9143430906165,-0.6897957512636668,6.387169108910689,530.0,6090_3_0
244,266,255.45591397849464,8.041649594314617,-0.10853534329704854,0.7172798796240278,212,257,238.52795698924731,32.83290970751299,-0.36707290336427933,1.4214817657655923,268,361,322.7,143.93250807319697,-0.1676382630114005,1.8598262972358173,252,394,330.51075268817203,356.31904464275374,-0.15333890829043414,2.19476554204811,210,388,304.59139784946234,653.7790432538167,-0.15507032934212125,1.427322395627308,359,532,436.6268817204301,514.5290936027872,0.4351458180715156,0.5165367182350971,670,980,766.0913978494624,2588.0379237705015,0.7409312253085295,0.5649425165138098,438,618,505.0806451612903,820.519861800757,0.6829598010784705,0.5292504848266439,531.0,6090_3_0
244,264,253.51612903225808,9.769177342182434,-0.05922096125125307,-0.031491519162534676,217,252,234.03703703703704,37.36585149743045,0.08535147209276664,-0.12633555630702542,285,360,317.03225806451616,163.54082420126562,0.533165651083477,0.404571672779221,252,376,316.26642771804063,361.777017486695,0.008139815869073077,0.22848943308288883,207,341,281.3142174432497,604.3760296799346,-0.31313642599520697,-0.19177189744403433,378,514,443.6941457586619,498.10251353375287,0.3806833150502824,0.10612802253309095,675,1011,802.426523297491,2828.5319750990375,0.51527947174774,0.20264812610686,458,644,523.5794504181601,923.0980461090817,0.5280606255261284,0.16668767758671565,532.0,6090_3_0
237,285,252.7290322580645,27.166540504878647,0.2894935378824271,2.3720835733306087,202,277,228.70537634408603,100.13484727478965,0.03455378721006687,0.6628682960962489,223,395,308.76236559139784,578.7411009641538,-0.5402286293644217,0.6098722082446333,191,424,290.7451612903226,1037.0447828049585,-0.05135593104179981,0.25970771601255915,155,412,241.2698924731183,1328.6515145201802,0.3563588926425756,0.045116178000769835,226,570,441.705376344086,2286.255407016447,-1.082210231772748,2.174175116712136,452,1188,854.8655913978495,10939.063723277432,-0.19828201268820025,0.905711739219679,290,758,547.8182795698925,4033.1671574244474,-0.5047729541614823,1.3354670349061415,533.0,6090_3_0
236,277,249.63118279569892,30.14908040788453,0.6503920089037996,2.152143744525815,198,263,221.7494623655914,97.82198571709665,0.2851793161359301,0.5867195773281217,222,371,296.8311827956989,763.7120513443753,-0.05340900827417813,0.18088875542480487,190,405,268.7956989247312,939.6438996724422,0.18683604573185025,0.8488030707312939,153,371,213.13225806451612,802.0266224521687,1.0232461382344171,4.003978100153511,220,600,433.81827956989247,3998.4911617301523,-0.5478790030675659,1.3203968981061003,404,1296,874.6817204301075,20437.487394238226,-0.5166530882021568,0.6819783753285189,254,797,557.5408602150537,7874.853549313055,-0.6802989091300952,0.9429463331572219,534.0,6090_3_0
237,269,249.60752688172042,24.507801196800816,0.5161244146410587,0.6763011212799865,198,251,221.39247311827958,79.28282810745743,0.31023902922249574,0.038626548654695725,226,357,290.18817204301075,495.83861129437366,-0.0808186751994649,-0.1794387568932363,197,352,265.6161290322581,726.7448418347859,0.1636651619791593,-0.25769480572158265,156,324,214.36774193548388,812.820486822459,0.8229331698007363,0.7481971922739206,231,563,408.14193548387095,2423.168207229418,-0.11522879222548373,0.5472124057053613,419,1163,803.894623655914,15798.507721332917,0.21500873302301998,-0.24913474226216215,269,725,516.5677419354839,5931.864620299316,0.17466104951543562,-0.10690773734801962,535.0,6090_3_0
238,262,248.90967741935484,15.117774922740372,0.13273351865520988,0.29850185243247696,196,238,219.27956989247312,46.16072317325833,-0.22426863108606732,0.2398926925953524,223,326,284.9129032258065,300.0968193340047,-0.788252444128724,0.9924702309482321,193,314,258.6989247311828,388.1417641816267,-0.45686824931290615,0.40744582019458786,155,282,207.30860215053764,405.6409377640427,0.4025438244081291,0.7058078766550935,225,543,406.2752688172043,2212.632433996551,-0.7651237161217895,1.3967541980372085,438,1128,820.0118279569892,13722.34754563237,-0.3332615710808343,0.12213131558500656,286,711,525.1376344086021,5186.9670428371355,-0.44264966931926386,0.25813537650024587,536.0,6090_3_0
235,260,247.89139784946238,13.547934534763938,-0.545843922708361,0.993552545492824,197,247,218.41397849462365,46.29668275518826,-0.47092022518226956,1.6712976962305701,221,352,283.6225806451613,373.87570054515777,-0.9875257104611018,1.8270329679701103,191,339,258.8666666666667,469.39878005023326,-0.7826726422441973,1.62293422241589,151,281,208.44623655913978,414.0579244649699,-0.25066771881643946,1.0166309551388313,222,529,405.90752688172046,2945.1389099158537,-1.3010681519351852,1.6794183098743378,401,1106,816.6806451612903,15457.332778915936,-1.0018075578028192,1.1443499468303475,260,708,525.6451612903226,6355.4692176811695,-1.0919065797215948,1.3630923398002146,537.0,6090_3_0
236,265,250.08602150537635,16.942000300936375,0.0855573113383251,1.4049899950024036,200,250,222.43010752688173,48.415454240309266,-0.0924636999677891,1.0608280004256923,220,337,293.7408602150538,279.9037107769945,-0.9885113050304405,2.7594825326052828,193,340,269.98279569892475,422.18269615843144,-0.4365721454244128,1.8009673998885232,154,302,218.55376344086022,467.8469449170689,0.20110424235556343,1.1513765860646856,231,517,422.18924731182796,1601.3225968494276,-1.625870179887277,4.433476912925167,433,1122,845.8021505376344,10334.046927555355,-0.7888298552835832,1.4794775980823136,274,713,542.2247311827957,3978.0753834045163,-1.0484005035419077,2.2619182715439594,538.0,6090_3_0
239,263,250.33118279569894,11.033364584418438,0.20795306731345387,0.4451619967446181,206,245,222.52795698924731,31.185977522367672,0.2413703757257882,0.6097701691612971,241,345,295.305376344086,177.1230065858768,-0.2092859874437067,0.5194822084489368,213,323,268.7043010752688,237.68103637857797,-0.06547343968494088,0.29989979891855745,165,285,214.7516129032258,246.0878606896073,0.40254595647388086,0.5948405116898785,321,515,435.26129032258063,697.1103406368277,-0.4696672029694097,1.3738596077060228,625,1233,891.8204301075269,5980.311099922451,0.13988671911627648,0.7040758222866295,398,742,569.1795698924731,2109.484404551084,-0.025577177475980806,0.41594798445956993,539.0,6090_3_0
235,263,251.66989247311827,22.135260483581607,-0.1961080948051392,0.17787923864129196,200,247,225.03763440860214,63.06101485005266,-0.2973692559970953,0.08103117860779774,222,362,302.0784946236559,403.9217114020163,-0.6492840841349644,1.3678074855488074,193,347,273.8698924731183,468.3178223780918,-0.5558461426563729,1.219685822265233,152,324,217.76666666666668,430.7861858629351,0.7145348193010184,3.6256504904207025,213,553,447.8494623655914,2163.932104123986,-1.7119283323760235,5.809232867240485,340,1241,941.7451612903226,18067.632511545537,-1.0157667904052237,2.5902233066647344,216,772,599.2064516129033,6331.367450258689,-1.1313693275277843,3.278145478951161,540.0,6090_3_0
237,269,251.73225806451612,21.89486787735685,-0.039771484387679086,0.4641439705157766,198,257,226.78494623655914,79.47576883456603,-0.04151417977678112,0.7322928434222318,223,367,303.2559139784946,368.19923839948154,-0.7947725784823589,2.363455534253897,190,386,285.53225806451616,773.9413694919962,0.05752368755455667,0.919470715634747,155,370,238.07204301075268,1181.2531465212912,0.610883631737675,0.27008958374753034,221,538,421.7096774193548,1812.4904336956142,-1.1464010090772854,3.4284104417503043,392,1157,807.389247311828,11840.00332881929,-0.0710195667864513,1.3972909587780489,263,719,521.6591397849462,4460.760976654282,-0.34336217436944777,1.8362680488854508,541.0,6090_3_0
238,278,250.2483870967742,30.090013542136877,0.7285669551785579,0.9144289614836052,202,266,222.23978494623657,112.19540146069886,0.9032148886102652,0.4895416798514791,234,367,287.13763440860214,501.58921721819047,0.8576098679548275,0.8391634013432281,207,418,270.1774193548387,1136.675700545158,1.132901333343667,1.1777260612708016,164,406,226.0483870967742,1660.943834855377,1.1901746367226007,1.1250129129855244,233,535,388.9537634408602,4500.812714561848,-0.374382380982741,-0.7257450837005321,327,1157,739.1086021505376,32378.316502887832,-0.448605676289139,-0.5795644833206892,181,711,470.5236559139785,13778.124843455213,-0.6624475863440069,-0.2628112975296699,542.0,6090_3_0
239,275,252.63548387096773,28.26418625646724,0.5377132369495337,0.6081760185307954,203,258,226.83010752688173,88.31986758799495,0.09042905690205501,-0.16537846416474045,242,355,298.14516129032256,351.3814889405882,-0.11850340085793178,0.014898639089530263,211,384,283.6698924731183,795.6702443371877,0.14397633971547838,-0.06834567677442438,167,356,239.82365591397848,1226.8687616468164,0.36851573963335044,-0.25803721940988256,260,518,398.53548387096777,2192.2274801208373,0.04380839082271268,-0.1700199278253849,419,1097,745.0645161290323,17721.067953748396,0.1944824666001554,-0.6677037709178828,232,689,478.9182795698925,6965.963174647268,0.12333400597081805,-0.5466968923932329,543.0,6090_3_0
236,279,252.0010752688172,41.20882553792377,0.7235159270807299,0.4514313394778764,200,274,224.89032258064515,126.66395360950035,0.6214622572207759,0.022625443647422028,228,372,292.3720430107527,462.4706922694076,0.0712421060049855,-0.15124072663069876,197,406,277.31182795698925,1330.7164369133186,0.6464686558128669,-0.09232542183984815,160,393,234.04193548387096,2057.889520469461,0.9205859105294777,0.09601869720974499,239,536,399.64623655913977,1215.1675046587266,-0.44558575954925156,1.772157648463816,472,1065,765.505376344086,11962.777689040131,0.1732197545333211,-0.7284695941535908,305,686,491.9279569892473,4286.940982904499,0.110906315333864,-0.6945692804508528,544.0,6090_3_0
240,268,252.92043010752687,21.569549868629696,0.03992731289424482,-0.2023312085037814,203,250,227.2279569892473,78.21493338889083,-0.0009563370652699508,-0.680748729779793,231,346,298.1172043010753,302.674084748313,-0.21884211784069982,0.2270382089861105,200,368,282.31612903225806,768.6469946873156,0.078087000211425,-0.5780913893875428,165,349,239.32903225806453,1229.7753672002498,0.244551216263649,-0.8932725920298106,266,499,412.6311827956989,1797.1802967695637,-0.6973015209738425,-0.20246897833466004,497,1135,794.2623655913978,19932.503748972766,-0.10035311383952586,-0.7496282210001701,329,692,512.2903225806451,7172.987742629952,-0.20289715639273828,-0.6755547745762405,545.0,6090_3_0
239,269,253.5741935483871,17.736685301572972,-0.41177738025565014,0.12488553148181669,204,247,229.08709677419355,68.05806798847182,-0.3986827924424207,-0.3291353563323316,238,337,296.98172043010754,308.51312082595456,-0.28804415549177204,-0.2709702165912229,203,361,288.8677419354839,701.7101531303169,-0.16034314931141752,-0.41646335533697565,171,333,252.4774193548387,1166.39184693913,-0.08219430206196857,-0.7250932595918469,225,497,386.1505376344086,1698.7910922832968,-0.5089026951869906,-0.016515337182413603,403,1061,700.2483870967742,12585.70034723428,0.1769258150591032,0.07860024450793146,237,669,456.1225806451613,4639.268057918678,-0.026548601617181342,0.26456595402226935,546.0,6090_3_0
240,274,253.57096774193548,25.237692280981975,0.03344733734895924,0.23349509851500594,202,274,229.93225806451613,122.30864613354632,0.3253497474121534,-0.14773042726940977,233,381,300.23118279569894,504.10257879324524,0.0896480115972064,-0.08576213355923601,201,423,292.9462365591398,1340.8108846371983,0.4651512900326248,-0.29121567340306953,162,410,257.8032258064516,2455.4972985173094,0.5850890039118003,-0.603294672940538,248,521,395.0860215053763,2173.112075650775,-0.41822513937288447,-0.2791823507791369,457,1122,723.8924731182796,15161.30166556709,0.39256878932210076,0.08316310464774901,292,696,468.9559139784946,5684.050799217565,0.22374372307199927,-0.0557462026607487,547.0,6090_3_0
238,275,253.56559139784946,26.861678067525492,0.3751169349159061,1.4947785268721656,202,272,230.247311827957,106.49420697477922,0.11590922378558025,0.8420331078121888,230,383,306.758064516129,574.5302093822702,-0.31992348148759925,0.8198447918844991,203,425,297.0827956989247,1231.294536847344,0.007138208959152478,0.43599215952645176,163,406,257.2258064516129,1718.8789888537797,0.37157405781957586,0.06013961196233497,245,581,423.43548387096774,2172.136306816209,-0.352694209850913,1.470460340841571,463,1182,798.6075268817204,13568.471202703799,0.278177761162944,-0.013468836612434032,294,757,515.1924731182796,4910.758393231247,0.18354179033125065,0.24398826666832285,548.0,6090_3_0
241,275,251.98924731182797,14.092456914013216,0.7172233515381137,2.888674757716192,208,270,228.50537634408602,54.850886026135164,0.53711017086339,1.154259623253373,237,381,301.5258064516129,247.252831695545,0.09825448698076047,2.077279819955929,209,408,294.63978494623655,643.0121937104298,0.2448374231545105,0.5798593163362771,179,390,257.2935483870968,1182.7285912705302,0.297327915401161,-0.2942235303947327,245,534,418.7913978494624,1229.523714943806,-0.22957453416010062,2.365658240010715,414,1158,782.5849462365592,12681.390515874393,1.0843539055668965,1.1976598065529824,272,732,508.21505376344084,4256.625392085373,1.0119733871363021,1.4674501443118046,549.0,6090_3_0
237,263,249.69032258064516,11.034244244591825,-0.28898836731304517,1.3751622093212639,202,245,223.73225806451612,39.98528768360013,-0.39513749188225417,1.995882705503302,231,339,301.21397849462363,259.2792446496985,-1.431168018517321,3.2818692834810568,205,351,280.1956989247312,424.54508374133366,-0.5820237258330475,2.570017410671098,163,328,228.50645161290322,633.0123372339317,0.9236648105775894,2.6041540057469783,257,551,450.2795698924731,1816.005717791127,-1.0278771853980786,2.9888671066894714,470,1179,913.825806451613,15386.873822007708,-0.45361014845373543,0.2128135242615934,295,750,584.889247311828,5552.897300832205,-0.543217402212774,0.6305566365784108,550.0,6090_3_0
237,263,252.11827956989248,18.410106832413156,-0.407507172979957,0.441221332520469,200,261,229.58817204301076,82.59985994884082,-0.16037610845757352,0.1282478455832381,223,394,312.19247311827957,448.08239753695153,-0.4384605236780957,3.025575402895747,198,389,300.64301075268816,952.324520527333,-0.3344898831150465,0.2804707699878626,159,365,256.5043010752688,1579.2642441288467,0.14073334640782353,-0.7376334685544479,227,625,449.5075268817204,2089.869157493895,-0.6112172268465295,3.4622326956880265,453,1189,859.3978494623656,14701.56813315277,-0.04135881349681613,-0.21597255985554042,286,761,554.921505376344,5380.5137458476565,-0.1001640018580802,0.15983412446765488,551.0,6090_3_0
239,287,255.9516129032258,18.573544220285424,0.9623624737552453,7.001887513209617,207,294,237.9989247311828,75.88912693727792,0.2960999503690159,3.969995026675229,238,422,319.1172043010753,313.93996203571885,0.3835916992262811,5.789922870652733,211,483,324.21397849462363,795.249104714284,0.027503488276790635,3.7120377769710675,181,486,299.31075268817204,1591.2542437816128,-0.07669666155441388,1.438443992703351,250,604,427.0827956989247,1337.6497575147282,0.8868732406479347,4.503101289573182,443,1262,752.8247311827957,10739.481626676852,1.7405885541702584,4.096014853321167,292,807,492.5817204301075,3816.415811891617,1.7388637657446742,4.560521001766364,552.0,6090_3_0
238,280,257.094623655914,16.890929083185757,-0.7146161520880372,3.2087128125880904,204,270,241.2462365591398,75.04694491706888,-1.43572574669515,3.290912261128052,234,386,324.0956989247312,315.08771022141974,-2.1415491719283763,6.782487360974109,200,458,333.789247311828,860.71549243608,-1.5741996796434112,3.692509100120673,171,432,314.13763440860214,1605.1521881546814,-1.3015432464320513,1.8531407753892397,208,529,429.85698924731184,1030.0839392571502,-1.9051959613436402,9.12740081122813,433,1148,745.2763440860215,6545.752399967591,1.1316317305994037,5.651010913393291,273,727,488.05698924731183,2418.960150236698,0.7777672259961101,6.171944247996429,553.0,6090_3_0
239,266,255.16129032258064,12.772665717559637,-0.349597418753951,0.5170570108469525,206,268,238.6258064516129,71.34099100663217,-0.18950425652186445,1.4430010877150536,245,409,333.06021505376344,542.5927103950369,0.03444081742920281,0.9583700760086895,221,446,332.8344086021505,756.0823454518096,-0.25428636880710903,2.071943457839229,175,394,289.91182795698927,897.7704735118117,-0.270360087320457,1.5928967175382116,277,594,467.7559139784946,2206.753059712722,-0.23869913349253935,0.9438980236526922,477,1061,838.1838709677419,9009.689513524776,-0.19871989525288905,0.020393113639872507,311,690,545.4623655913979,3328.0034260448856,-0.3211973275693325,0.47571933531559907,554.0,6090_3_0
241,267,254.82043010752687,20.11519034225726,-0.011254443848828708,-0.23943835387374524,206,269,237.61612903225807,147.00318413833813,0.21170606081541685,-0.36622697233761636,233,409,332.26559139784945,914.5547889394308,-0.13929614781550068,-0.10567264268562848,212,436,326.43225806451613,1677.3371714295638,0.04725961243805256,-0.2757306656870586,170,419,276.0268817204301,1937.8668761646813,0.3221859465631527,-0.0785556592719403,235,599,474.0462365591398,2195.0732097179302,-0.6578663654092172,1.6808133789611341,470,1139,873.921505376344,6741.35981689179,-0.3748734249923512,1.117350258628429,297,721,567.2892473118279,2691.103544104541,-0.5309514341339376,1.5488813508530477,555.0,6090_3_0
243,268,255.28172043010753,11.014197252219404,-0.22417950601366363,0.4557111446071165,210,266,239.2236559139785,70.99405766403925,-0.08445096521148898,0.448416694272153,246,417,335.9591397849462,495.9402016273713,0.0003372530649605428,1.6285471706093908,217,444,338.61505376344087,1007.9614523652441,-0.0025763848347547095,0.9806528970527442,177,389,294.958064516129,1151.13817493663,-0.1965167209808396,0.5002014758120734,270,641,476.4602150537634,1906.6340451636052,-0.0965060314154753,2.651780899510288,481,1106,853.6677419354838,6237.737709642695,-0.10080792170104379,1.9167284865871848,313,714,558.3010752688172,2613.640149542229,-0.14745071496521642,2.0937973985500262,556.0,6090_3_0
243,276,255.58064516129033,19.412757387409286,1.0823274032913748,2.3556910534036843,213,289,240.0763440860215,149.29341180828038,1.32686855109255,2.404927048058232,251,482,338.9258064516129,1311.0418521476442,1.4187256654361533,2.2900671439972458,226,506,342.5849462365591,1951.9050476289688,1.1748086593621383,1.9516627337166526,179,439,298.6301075268817,1632.20748868595,0.661737631272601,1.356452727742008,306,714,484.18064516129033,4422.890905934234,1.1909469881522579,1.2945818761266343,610,1265,864.0774193548388,14281.854064377238,0.9815207454205958,0.44427286121661247,364,823,565.578494623656,6115.094477817516,0.9283300909734268,0.34684740603781083,557.0,6090_3_0
246,267,254.30322580645162,9.707739852078197,0.18210192309870438,0.2878374280945737,219,259,234.91935483870967,31.049463523038995,0.32071073153608587,0.7480820750434996,281,418,319.6236559139785,249.33291665219858,1.8725052683426058,7.826210410680154,261,434,321.06451612903226,312.36181811868465,0.8623512897829697,4.859474892130921,222,350,283.9268817204301,382.9871129784599,-0.23573600087560792,0.11643147190095782,372,659,440.68172043010753,1025.0546708797758,2.115777379334519,8.42236590416316,639,1118,776.1978494623656,4600.548542194752,1.4922873494005726,4.023324199471691,432,704,506.73225806451615,1654.6655890829543,1.6390197209673683,4.371673045398801,558.0,6090_3_0
243,266,255.1494623655914,10.702071831197841,-0.23594754409086205,0.253495344384405,216,254,236.43010752688173,37.64903873977105,-0.3116012787469356,0.12340006565051365,265,350,320.23118279569894,139.8399307846337,-0.4401125484465743,0.953090982406279,239,370,321.91075268817207,329.917752931236,-0.6163697847585682,1.2377513019390207,201,357,288.0806451612903,613.7491405951596,-0.5011480167778459,0.392888717741843,335,533,438.53548387096777,466.5288794749818,-0.1689252083517366,1.5658066797781922,550,981,774.4881720430108,2573.7829600564837,0.39048866109823294,0.8559373930065748,369,613,504.05806451612904,878.4831695544984,0.3596030878405303,1.1897089654271147,559.0,6090_3_0
244,265,255.88291517323776,13.622638381551798,-0.23229478348897667,-0.3336962428790624,221,257,238.57467144563918,51.902611285463564,-0.3764422620853014,-0.3837233032540821,285,368,326.089605734767,190.85679374389048,-0.2687897260056108,-0.35662921567323513,259,371,326.6152927120669,412.7250290111071,-0.4399838844808355,-0.48193649785500936,220,346,291.85902031063324,698.3126368381037,-0.557630110800701,-0.48445972335374865,383,520,455.93787335722817,431.83106389303333,0.1930691455485795,0.30117019096852005,685,1034,813.6164874551971,2686.6529814271753,0.894544944384693,1.1279799754829662,440,645,527.2688172043011,916.9001389103256,0.7379613084661703,0.9438199746330409,560.0,6090_3_0
240,280,254.84516129032258,59.62938990937186,1.0190479731325528,0.9527807430810782,205,277,231.5010752688172,199.58503651747165,0.9070630112995333,0.7369949008784165,237,392,309.13763440860214,785.5504658726576,0.5086130205083922,0.31906695433848675,214,475,300.8021505376344,2437.6034399342566,1.1754920896615688,1.1875657735383678,173,465,259.5849462365591,3932.6284060789144,1.2804271197083674,1.2295596864464295,216,529,428.06774193548387,1506.8985277266574,-0.8957450185463623,2.017007320444658,355,1202,812.3569892473118,11645.64206627545,0.048811719848842375,0.8122867996440255,251,735,523.5591397849462,4377.286595599385,-0.036806036422970055,0.5801778283484356,561.0,6090_3_0
237,277,251.21935483870968,44.85387687072468,1.137571204326489,1.7857470646146787,200,267,224.21505376344086,135.8589765848351,0.779696788683175,0.9876488430550037,220,366,291.4913978494624,626.1059539104368,-0.08079787139426005,0.32461441209752717,190,417,276.0741935483871,1382.512250425362,0.9015499361635099,1.6072448757664572,153,420,231.81827956989247,1977.1800745396251,1.4005722873919861,2.464088834783384,197,501,392.88602150537633,3339.806155306318,-0.8847247144891018,0.4062535408361292,341,1013,748.2215053763441,20970.347007419237,-0.5776178268993333,-0.3989950870088088,214,653,480.18602150537635,8324.92445455282,-0.65407649436135,-0.23224962226136014,562.0,6090_3_0
238,278,252.61720430107528,40.37860573862518,1.1351395095923582,2.1801037522993427,201,269,226.6440860215054,122.53949674178502,0.9642407497858878,1.6024216441628676,235,379,300.6311827956989,500.6593064574002,0.5276223280119441,0.9419936650474265,211,435,284.7795698924731,1180.1095929256805,1.2440365986347406,2.8169653648023916,167,430,238.20967741935485,1867.2681516719329,1.5753766833082865,3.1750998843785405,259,587,409.0279569892473,2670.167140062734,0.6510615814559668,1.2346374026476656,439,1210,768.9451612903226,20487.556731136498,0.7641124838371026,0.3593262317174388,284,759,492.73010752688174,7699.773150688104,0.7120829943514813,0.3708608236928397,563.0,6090_3_0
239,287,253.19892473118279,46.542732965265,1.470603304850558,3.3222842590635073,204,283,228.53548387096774,146.79798604118199,1.0596758453027537,2.128528053011717,245,408,305.77311827956987,555.4285553896547,0.6878381241870106,2.0492684956192493,214,488,293.5860215053763,1646.0469518617545,1.335489731479555,3.1447612355804315,169,483,248.81827956989247,2587.1736159820366,1.443908692472605,2.8285907613337233,301,606,424.60752688172045,1928.7790606155306,0.1589487491263078,0.9562948707092951,517,1271,799.7182795698925,14123.55456323715,0.20483662690003757,0.24656089967212802,341,806,513.3849462365591,5394.478136972349,0.17971039955354834,0.18172711892027893,564.0,6090_3_0
236,284,253.34408602150538,84.48427607440074,0.908291733193114,-0.04757721031048945,201,272,228.43118279569893,257.62335382015584,0.8164691047024827,-0.24686975750260132,220,391,302.9,935.7542518837462,0.2671069138302629,-0.1539285283741454,193,462,294.0709677419355,2951.437369353103,0.9128538936343333,0.0012135375555439865,153,457,252.605376344086,4890.503953840991,1.0810599155040634,-0.07863021247280289,211,558,414.26344086021504,2580.202860053011,-0.6927292477872602,1.175229996782381,357,1127,779.1096774193549,19389.80927115525,-0.14904771863719382,-0.571956439713996,226,702,497.947311827957,7575.686133777793,-0.1993806412894934,-0.5666675387112972,565.0,6090_3_0
237,270,250.4795698924731,22.501735013947247,0.6745860972664427,1.7751569195922174,197,261,223.65913978494623,73.67809183189232,0.7388738992456394,1.952547900020761,220,378,301.47741935483873,592.7406090489253,0.33878460281671813,0.46708327271067285,196,396,276.80645161290323,766.7246084933504,0.7609330279053307,2.2738274439329667,157,400,221.2279569892473,917.6164403856617,2.3663016409763595,9.553964918116137,233,607,428.9569892473118,3802.648309547786,0.2723115226828813,0.5096735258706433,418,1261,834.4870967741936,23353.503062606338,0.18949319284908603,-0.3112506156137118,269,789,533.3075268817204,8350.29499172425,0.17077750914376694,-0.17748341999812256,566.0,6090_3_0
241,263,250.8774193548387,10.167950276051252,0.09013296309087955,0.29246695240356635,207,246,223.68924731182796,32.19504033704874,0.13670916126719102,0.2903890832828626,250,353,297.8322580645161,207.52619188166258,0.35958304963133864,0.6683655806054567,222,357,273.7806451612903,313.8118962463974,0.4333579955418211,0.8044753574549146,183,312,220.44193548387096,351.7108337095038,0.9646845565380854,2.306204578628612,307,570,433.23225806451615,1028.253856036668,0.2801325765420733,1.9371001587785424,581,1146,861.5677419354839,6803.916288760027,0.11579173900668835,0.1680509145713005,377,730,551.1139784946237,2455.336833454865,0.12136901940665826,0.34143654143640223,567.0,6090_3_0
243,277,252.4236559139785,18.287491463823972,0.9544693540744521,2.751471067449109,209,281,226.88064516129032,72.59391992777526,0.9638210922207168,3.004520781788518,260,384,302.26989247311826,239.19403335763974,0.35247179447657573,1.2345150472953437,233,421,283.81612903225806,670.8520538907601,0.9537254396479297,1.7257358066936197,181,399,235.5494623655914,1292.9431913145133,1.192739681956617,1.2296010963954602,350,520,435.6247311827957,844.3595599384239,-0.2211236889663819,-0.2184981663247183,614,1114,858.5774193548388,11063.167842633426,-0.23051294008522116,-0.7210119609587116,409,699,552.0225806451613,3681.1781763255667,-0.21820759163738204,-0.6483594580343932,568.0,6090_3_0
240,291,252.2225806451613,47.712514323414005,1.8399977206994904,4.475543032708645,206,287,226.20430107526883,149.26284477470284,1.797983615136018,4.100596433261021,261,413,303.905376344086,520.6950195029921,1.3649081922020128,2.869706042632844,227,482,285.22903225806454,1565.8021702142435,2.035775907858493,4.818799641954457,179,483,235.605376344086,2578.99049851268,2.226363976103301,5.141529020627436,328,566,431.21720430107524,1435.9786057386252,0.7339550928727068,0.7796636547968441,600,1198,828.6290322580645,13491.439199277753,0.5017988337973681,-0.009790276651256313,395,749,529.7354838709678,4732.390666342582,0.47285416630473953,0.019701656043286775,569.0,6090_3_0
236,276,254.07849462365593,44.34367049781821,0.6267787179578668,0.7740734883986651,202,268,230.3268817204301,163.5421183605912,0.3293887315882143,-0.3144740669327071,224,371,306.9247311827957,615.6950820051622,-0.09563317977547249,-0.37608200429290717,202,420,296.89569892473116,1744.928829704735,0.41720785300177854,-0.18895962297203406,161,409,255.6215053763441,2777.2064261490564,0.6467269168038364,0.015326802952813967,235,511,427.8698924731183,1797.4222357257777,-0.8126175891276967,0.7124631824430976,443,1138,804.7720430107527,13832.964126069191,-0.08746055932244509,-0.2873784288297543,272,714,517.5086021505376,5302.4891616607065,-0.20345013463901226,-0.3884715738023852,570.0,6090_3_0
241,265,254.69032258064516,13.796354040070835,-0.20338494230266552,0.09990087533506031,209,259,235.0021505376344,56.75564660809983,-0.4188367137069963,0.15533043048365558,253,357,321.77204301075267,213.76714006273363,-0.8478695092565603,1.3345758760363617,229,370,316.6,572.2402583423035,-0.6882617844606684,0.380663335756255,187,363,277.8032258064516,1045.527438452724,-0.45669343125612544,-0.14520355576578492,304,542,459.90860215053766,685.2327569244303,-0.7892822732234321,2.71798338123401,545,1067,845.0752688172043,4587.720916235517,0.23640277817804886,0.7412310026956499,347,671,547.7021505376345,1595.1221697512644,0.06717787951226312,1.3254628518637217,571.0,6090_3_0
237,294,252.252688172043,33.125530979084914,1.7399432079747243,10.586732800689408,199,302,228.7290322580645,123.55835966526615,0.9409308693960128,6.510477768321758,223,435,306.6623655913979,618.2088081762098,-0.46385012929421665,2.839375318349063,197,487,292.76451612903224,1322.4342616063057,0.27288088212266887,2.603387017210278,155,476,251.09247311827957,1851.7287915089644,0.5393348197508305,1.7485205271483473,222,531,436.28387096774196,2787.508135699156,-1.629922418650908,3.15001280139053,368,1222,841.4763440860215,15828.585553896546,-0.5541742396342932,1.8078163302088965,220,767,540.9978494623656,6360.583418405732,-0.7878983947182391,2.1094815496858406,572.0,6090_3_0
241,281,256.31505376344086,34.01365903908701,0.2811364714492892,0.4230283797399812,205,272,235.98924731182797,122.1764181626677,-0.10994382277279455,-0.2946849426694862,246,373,314.85913978494625,367.30737062629487,-0.6257853563642127,0.5685565688667791,220,429,314.5763440860215,1155.757889741542,-0.19422753892461586,-0.3535543372393164,174,414,284.2,2201.7618945102263,-0.15844234552379055,-0.8894735044524209,267,561,418.9204301075269,1429.0141139159925,-0.5306314053266619,1.1425645693792577,461,1211,735.736559139785,8182.954205585842,0.6260418316630264,1.3095762340420007,287,759,477.56451612903226,3005.1330775374145,0.37214686595705504,1.2276217072833804,573.0,6090_3_0
241,277,256.8225806451613,31.941577832563627,0.053504733818482614,0.565951933210088,203,272,237.23763440860216,116.73464240656502,-0.6901529516032446,0.3660726922703694,238,386,315.94086021505376,366.8350347813003,-1.0528690559124427,1.7992912628249567,212,442,320.6516129032258,1143.8763429285739,-0.8043439681719384,0.5964571281017581,180,445,293.4924731182796,2080.006940055789,-0.8200845419250691,0.03499468466699529,225,525,418.8989247311828,1038.172765258053,-1.551624060836914,5.426093768277235,431,1071,728.5344086021505,7373.026263643413,0.5379247877294714,1.4293932071532032,271,681,474.9559139784946,2696.3199057837655,0.2507950597356233,1.8707970309497375,574.0,6090_3_0
239,283,258.0301075268817,20.302644767758142,-0.3982070876232626,3.857836013109699,204,286,241.04086021505375,80.84655254233364,-1.011091686603086,3.3664970919885544,237,407,321.64193548387095,318.2645473801174,-1.4544655755379416,5.363755177997829,207,479,332.7913978494624,959.3364167737304,-1.2215487153605813,3.2941354545566837,171,483,311.23440860215055,1650.0956931374933,-1.1633462818279454,2.143236087832282,242,524,422.3279569892473,713.4477643899672,-2.103465842857166,12.048846920405083,426,1093,721.1010752688172,4535.544132319409,1.594836970881684,7.068001565517582,278,703,472.2516129032258,1712.098086739123,1.0850980545156184,7.564600571169736,575.0,6090_3_0
244,290,258.5709677419355,15.13004965450189,1.1722351540706328,9.477797004264158,212,287,243.30215053763442,57.17556049399863,-0.042732983948707746,2.8899566212837806,252,422,325.96666666666664,208.99027628274132,0.20630628395843073,5.754454334324606,238,511,341.2247311827957,572.5769980439134,0.08224373342043222,4.884474777466825,189,497,323.4731182795699,1066.7748417190412,-0.4117729508879852,2.3572628040451287,293,541,427.452688172043,501.1457677928632,0.15335273325653265,6.421333197080129,494,1090,725.2150537634409,3958.341215551466,2.32818926760313,7.398324308622806,313,705,474.8838709677419,1506.800277787423,2.09523852270669,6.601813334909632,576.0,6090_3_0
239,269,255.68064516129033,16.88067988471822,-0.0652543368516783,-0.05623616904510076,205,260,236.90322580645162,69.665543942498,-0.20058664310870208,-0.1915654170005503,248,359,317.0301075268817,182.58251559660636,-0.3707544691682005,0.9066466376541396,217,386,320.3817204301075,620.4601606537265,-0.334826668086489,0.18743132966366538,177,385,292.48924731182797,1308.6075268817206,-0.33721420344224157,-0.42193962728872014,342,543,431.6774193548387,591.7838813847703,1.047146896615922,1.6941945140576022,643,1058,770.5290322580645,6553.836077641585,1.1396980960594028,0.6482040468353443,425,667,501.8989247311828,2390.1533895852867,1.065276072794624,0.518378773263168,577.0,6090_3_0
242,270,251.96344086021506,15.197800849566537,0.5081950396719535,0.9668089308744512,205,262,227.8279569892473,72.70879775918145,0.3867373649618314,0.4634733762507963,234,366,304.06881720430107,279.0415454240309,-0.42641093893552445,1.5788712547548576,207,412,292.5967741935484,810.6822285496024,0.2836970680795666,0.5495982459853788,168,392,251.5483870967742,1452.5234903989724,0.5572276203749855,-0.12311259934922703,254,531,438.5774193548387,987.1527726657175,-1.1196169899798951,4.909810198885752,501,1228,847.047311827957,9995.599481463476,0.2506447466774181,0.1763018183239664,307,757,544.8978494623656,3455.3555389654734,0.2064111728845455,0.4086496061941136,578.0,6090_3_0
244,265,252.4731182795699,10.204335798696714,0.47565359509593763,0.3709667865510209,213,251,229.7,35.46103336921422,0.41493063333883284,-0.029288213530107576,268,344,307.61290322580646,119.19337476995727,0.26726405318957724,0.3496694545225627,244,354,298.34301075268814,347.9607960924569,0.17178419760282335,-0.37095043576240494,194,331,259.18387096774194,667.144841834786,0.2365283066172638,-0.5381672403494306,339,536,436.0311827956989,517.4425142076692,0.12020729324866496,1.870325989365643,553,1033,815.0537634408602,5006.907763001031,0.15093206749856056,0.15614384380254043,371,649,525.8032258064516,1710.214198409667,0.14830189536186955,0.32170756827524727,579.0,6090_3_0
245,262,252.08064516129033,8.99348935726935,0.015459952530267645,-0.3774088393680932,215,252,229.85913978494622,31.036111207565074,0.11497249746373482,-0.08685862975305625,281,372,310.1236559139785,114.90288435941063,0.6973280790267428,2.2859932117368693,252,353,304.1666666666667,320.4662719770363,-0.16229094218816106,-0.337272098591324,198,347,265.06236559139785,651.8389481116243,-0.19277442114209403,-0.3396319925854452,386,520,438.8,525.7166846071044,0.5318929605710438,0.13186002451393541,644,1069,805.331182795699,5683.99568966515,0.8504343187898603,0.5019224987409969,429,676,522.047311827957,1879.4294061136384,0.7822978019650563,0.3502349166132146,580.0,6090_3_0
239,263,253.51290322580644,17.186593284489046,-0.5614949961911412,0.3285603227711462,202,254,233.36989247311828,78.45291387432434,-0.7207222009268573,0.6626682512936659,234,356,312.8043010752688,310.95843142701716,-1.659424859464082,4.1635310484976165,207,366,311.98064516129034,815.1557067953747,-1.1078065674320856,1.601436500904799,165,365,280.1494623655914,1479.3027176869566,-0.5494434283481742,-0.04962959871942996,246,567,434.6010752688172,1082.9138847413685,-1.6042948435265554,8.259039230830133,441,1192,791.3698924731183,9153.608995682722,0.8949675639439061,2.764557880845474,279,742,514.6279569892473,3262.3264511499247,0.590024967033173,2.9740211744887866,581.0,6090_3_0
241,267,253.88494623655913,16.27415419516881,0.015761751365178288,-0.15893008316615287,204,268,234.49462365591398,104.91762445455284,0.18227310336538374,-0.1416204085748487,244,395,318.505376344086,489.62160723173247,0.39602220154916673,0.9819804322474983,218,433,316.1634408602151,1332.556681366251,0.15511405824509558,-0.16226251607279618,173,394,278.8333333333333,2126.169178327951,-0.041227601112350874,-0.9677956413770628,280,584,450.56021505376344,1225.3898040441222,-0.18456284114575072,3.2925281203859837,548,1084,831.1602150537634,7374.087328263713,0.12432293830317814,-0.1022340556050545,348,687,538.9290322580645,2673.9777353380327,-0.05591845719711965,0.04073670567199583,582.0,6090_3_0
243,274,257.73870967741937,24.974710927462755,0.3782371722848321,0.14555805683337253,213,285,246.16451612903225,185.65320670856624,0.22862157297365493,-0.4188282167845352,258,456,356.88924731182794,1288.5033288192876,0.10864918472038947,-0.4326597152670053,241,488,362.55698924731183,2243.4138639073117,0.06435700876962626,-0.3934949255126514,187,432,311.10967741935485,2291.141886871072,0.0648286299861316,-0.3923269955014326,321,690,520.7279569892473,3873.057236941097,-0.0473863371050137,-0.14671243319367555,554,1217,942.9612903225807,11457.662654953296,-0.2515578929865557,-0.1027141468945083,333,783,617.5010752688172,4752.284713589594,-0.3774883881531365,0.25354624212454757,583.0,6090_3_0
245,267,254.19247311827957,12.09100894706992,0.20192351039109313,-0.1664374879126811,215,269,236.91827956989246,85.68760952347884,0.261540140168744,-0.47968250055294304,278,437,336.2903225806452,685.7972151810827,0.49938268798254665,-0.08615082779044725,260,428,334.5440860215054,1119.158980057178,0.2321524819741146,-0.5065077657938608,201,369,282.89032258064515,1079.0450085072398,0.015729924092381824,-0.5361233151846476,370,638,483.05698924731183,2031.3024537889048,0.5664523831347221,0.1333617462562371,684,1181,870.3752688172043,6760.335878560598,0.6249920585870594,0.44771835688669714,438,770,568.9505376344086,2728.8091762445456,0.6012373012406995,0.3411458068578521,584.0,6090_3_0
244,262,251.6741935483871,8.159613181013231,-0.024200017197025078,0.33608397185912064,214,248,229.7774193548387,23.30562519531928,0.07878658281503854,0.14560050876097375,279,378,312.3440860215054,116.20440524555252,0.9083350029919067,3.837820106792284,262,392,307.5,217.50968783638322,0.32800993827170266,1.8195493711301092,210,321,263.8817204301075,352.8342187807447,-0.048987942667567466,0.016737639564188722,372,564,441.7430107526882,516.6820016898735,0.918452191207592,2.3303969448872657,679,1019,798.9612903225807,2874.6314385916176,0.5262536032244145,0.4869109869007171,444,666,520.7118279569893,1070.6746715742445,0.6765107060018726,1.203690293434608,585.0,6090_3_0
244,263,254.23978494623657,11.588297047351181,-0.06399654598700376,-0.3388354688721398,209,250,234.3279569892473,35.981671817308474,-0.2370306105623171,0.0038847247649336225,262,348,318.3505376344086,143.71768001203745,-0.34569203342412574,0.356919235422795,239,356,316.0849462365591,314.40935333402786,-0.5797349614334043,0.666313783457035,184,331,277.26774193548385,552.4869023229974,-0.566662573583846,0.09541904904701148,331,514,441.43440860215054,484.1318610599905,-0.36609971120188894,1.8403436167603937,576,966,786.5741935483871,3275.736685301573,0.4170302785658304,0.30675920596799733,351,625,509.38817204301074,1183.4089019294652,0.2969393001354321,0.7204683891823183,586.0,6090_3_0
243,270,256.61397849462367,18.329836684144126,-0.20695069044916378,-0.005054318170132799,216,259,238.98494623655915,67.59073115964675,-0.5543343663778459,-0.1726797905624804,279,358,324.05591397849463,204.2745882380175,-0.5091822462393121,-0.2540814405459262,251,367,325.0548387096774,483.98514878988857,-0.6539740221019957,-0.21531117031285474,211,348,291.26236559139784,867.7610148500527,-0.7066861914493665,-0.20681110365735433,359,512,443.93548387096774,373.7805479356922,0.160085311618623,1.1320156657357954,663,1026,783.9440860215054,3264.7998842552406,1.0790223659550247,1.4419202700855518,422,649,508.31397849462365,1157.4169195689667,0.9939940659713556,1.2385540031487539,587.0,6090_3_0
247,271,259.78016726403825,11.308075091606504,-0.44740632944201275,0.42555802872177484,217,259,245.1230585424134,40.52431216522897,-0.8439122303825014,1.338210205444759,276,366,334.7467144563919,143.06256395305633,-0.6026590299947625,1.2239379034191478,263,379,341.9581839904421,303.7817421527099,-0.8788571621719437,1.6291417808967958,211,364,313.663082437276,566.6447239800381,-0.8743329051036745,1.6291236947397776,382,543,452.79928315412184,395.02425785872305,0.494313366401694,1.3021969023740905,665,1001,783.6606929510156,1920.6550679402972,0.9286729878112939,1.8157470560281261,443,639,510.7491039426523,673.3915213253073,0.8494694056207891,1.597208535313614,588.0,6090_3_0
238,278,252.33440860215055,42.44671574244476,1.1992336128480492,1.912955513739818,202,278,224.86451612903227,135.27333587971802,1.3274641453346208,2.386042189773086,235,393,293.03333333333336,502.01718693936135,1.1265341022475561,2.434810246547179,206,461,276.43333333333334,1462.5558306422677,1.7571490363585225,3.9636421738217225,168,463,233.16236559139784,2403.281466949084,1.8485228722327205,3.948600054509579,263,513,404.6774193548387,1682.4318899961802,-0.3302665613010246,0.42678463041388426,440,1102,779.7741935483871,15073.804715441509,0.1847409622328721,-0.14048414072107462,300,692,500.06881720430107,5414.880081484311,0.16549972296954987,-0.12976361929742763,589.0,6090_3_0
239,267,253.58817204301076,23.258632822898946,-0.2655080788955494,-0.2180882203039931,205,257,232.04193548387096,117.12310496892253,-0.3376088725163384,-0.5099386190628845,241,357,311.747311827957,475.7068011620774,-0.5754234193589323,0.0271277210259826,205,386,304.9602150537634,1278.1437329999883,-0.4523457679602589,-0.4764378428242795,163,360,266.81075268817204,2089.6476775813976,-0.25559017279270135,-0.7761371467265219,333,520,438.06344086021505,701.538489762376,-0.3426525110594625,0.9993793430265243,651,1090,817.9301075268817,6441.966046274756,0.9208842262733704,0.7074702455769502,393,692,528.1440860215054,2239.197731402711,0.8230513449693893,0.7881401180763592,590.0,6090_3_0
239,268,254.67096774193547,14.892697663113305,-0.5973040306942012,1.0613785000356382,205,253,233.58494623655915,56.32700672477054,-0.7356060339861287,0.923302048713603,234,395,319.0795698924731,409.6083012141625,-0.23862435336908483,1.8981699024443524,204,397,311.61075268817206,703.4177529312361,-0.7385325937681005,0.9665261018215148,164,348,270.73763440860216,1026.8460525249718,-0.432975653458294,0.15679609207314238,238,614,446.6666666666667,1972.476498026552,-0.18491269168586794,2.247960397114385,399,1141,820.1763440860215,10905.0130027663,0.1712020411874541,0.3082322539143574,261,723,526.0408602150537,3714.452580529417,0.030487656640458438,0.6565411094199227,591.0,6090_3_0
241,282,255.80322580645162,13.540355567901663,0.1704573307802341,3.159990669174098,205,274,235.83010752688173,52.13472227044921,-0.32700840871972164,1.40867186977892,242,397,330.11182795698926,338.8981376668171,-0.15747469634413663,1.6764172415613547,224,419,319.76344086021504,575.7222357257775,-0.47286611773664733,1.012742666008771,176,429,272.31397849462365,782.0907624107318,-0.12238811029120765,1.0579156935835794,318,618,480.3720430107527,1269.286623378127,0.3758564782785448,1.64351475815426,567,1292,897.4967741935484,8762.254564394598,0.49054083243394847,0.4958275208342884,387,802,574.1118279569893,2996.172626364342,0.43807076736015804,0.52099556368736,592.0,6090_3_0
240,268,254.0978494623656,17.93336458441844,-0.28275863651587974,0.2191345087701153,201,256,232.43763440860215,79.61128395661885,-0.4764619405780659,0.31364988322584697,241,401,316.4591397849462,498.31533618065436,-0.23183500318694036,0.9243667286321262,216,384,305.6774193548387,924.0400708357929,-0.45283648473048155,-0.027035015686040165,172,370,262.56451612903226,1222.6938956213755,-0.262739347442576,-0.37558285422721793,263,603,453.994623655914,2036.1388300519695,-0.3635541781962025,1.713646151825806,454,1179,856.0376344086021,11922.91677373057,0.20106247806825123,0.2787611783027901,300,741,551.9666666666667,4209.448833871546,0.030047195979178327,0.6024963679211002,593.0,6090_3_0
236,268,251.45913978494625,21.408985265692095,0.5032984896601822,0.8196861071190416,199,250,224.21397849462366,66.06073011794392,0.1920300666602188,0.8428367768350609,220,340,294.1,293.45715823466094,-0.6822358201013609,1.3431666938802396,191,371,277.31397849462365,708.2586849080408,0.4388253399713879,1.5539685469373454,156,381,230.97096774193548,1166.389898954825,1.2813457762679414,2.361841462334276,228,506,389.77204301075267,1676.8672477053601,-0.0655113096698261,0.6760067375554213,415,1060,729.4623655913979,13028.73539590495,0.36342995232333614,-0.26411845100355746,259,678,471.23225806451615,4842.921240320844,0.2945934094352749,-0.16413254434077107,594.0,6090_3_0
238,280,251.1043010752688,21.561768348438026,1.1386097175242658,5.1887051150927075,204,276,224.2731182795699,72.28915818836302,0.9230302818790072,4.190374297293697,225,389,299.8021505376344,595.1534937555703,0.20395955160457022,0.47486484516282923,199,442,277.2408602150538,796.2949917242497,0.608855627435042,2.6027457986775238,158,394,224.24193548387098,793.3332233758116,1.537427997559557,6.350497330174228,213,596,419.6494623655914,3019.7865712929847,0.13159379727436588,0.8654051606594826,389,1215,811.441935483871,16806.93795965138,0.18256475127242464,0.17400967981178495,252,760,520.6365591397849,6120.481331527714,0.04985254720975214,0.29069770789773575,595.0,6090_3_0
238,266,251.38709677419354,17.053439355533182,-0.33210609883560555,0.41248863659889734,200,252,224.83118279569894,59.67545285137215,-0.6351813848760353,0.619629267734898,223,361,303.9688172043011,615.3714700741924,-0.38746843083987875,0.36858998270625687,198,354,278.405376344086,620.5685394168779,-0.6355759925295311,0.46742613051460147,161,332,221.86236559139786,434.4352882623239,-0.2856872994570734,1.1628146756999662,228,585,439.56774193548387,3959.8818431195527,-0.23598421881143042,0.6812347215671619,436,1252,864.1623655913978,21334.009131104092,-0.05665827659971184,0.07737889192285152,273,791,552.1817204301075,7891.7807203953835,-0.20796769736407358,0.3297697158823061,596.0,6090_3_0
242,280,252.91505376344085,52.42442330173501,1.3076766578230932,1.5618043022226864,203,275,226.64301075268818,164.8110651990231,1.2363297852908777,1.542964111620476,236,402,300.31827956989247,583.5799668969988,0.8828183461418073,1.6571467261819723,211,474,286.2,1812.0891280947255,1.566350178317298,2.7650623722301217,171,478,242.03763440860214,3074.615374376425,1.6749583956643879,2.6187930730878604,216,541,411.31935483870967,1856.5190006597454,-0.6390851872262024,1.509662339610096,338,1145,770.9741935483871,15893.495565818255,-0.063556824194304,-0.034486244267580624,221,722,495.0408602150538,5813.066143500353,-0.1561288833420843,0.08247309144270298,597.0,6090_3_0
239,283,251.952688172043,42.51013808349827,1.9531191958117375,5.41229021169239,203,282,225.53655913978494,130.63213884741367,1.7094465023066125,4.453309147329329,228,401,300.252688172043,496.6260691922173,0.8130377002365735,2.6889717129137063,199,455,280.13548387096773,1246.6081044480713,2.0289100151314776,6.046088532438658,162,447,229.38924731182794,1899.7858907137982,2.4057401809918297,6.720551329804097,221,554,424.22903225806454,1639.1412444876557,-0.5409620702997427,2.099106604105173,356,1113,828.2225806451613,13713.150619813188,-0.3517227754503397,0.20077242598810985,213,705,530.0268817204301,5251.638673796544,-0.489976388865096,0.6878062124667257,598.0,6090_3_0
244,267,254.05591397849463,13.447892866650461,0.19109776589777103,0.16141356326528333,210,255,231.8763440860215,51.30116207738695,0.045755939955587556,0.12376433801203968,265,345,309.9516129032258,165.86095003298723,-0.17902971939949028,0.37867237915226104,241,374,304.5698924731183,519.9224510110305,-0.0949627888139684,0.09416228202210197,191,364,265.80645161290323,1094.965727976666,0.2344335309141376,-0.17599122586399663,342,515,425.1645161290323,432.28614535226916,-0.0135228064197418,1.1583124649096623,608,1067,770.7989247311828,4548.8195898005715,0.900392756582208,1.4704038836861333,402,704,503.2763440860215,1561.4962105165687,1.0251812446355169,1.995620010084096,599.0,6090_3_0
239,281,257.3322580645161,20.15105732837946,0.28659213183415005,2.8238341169420744,206,283,239.98817204301076,71.95142076692477,-0.05466033967374681,1.9191346775148421,235,391,325.547311827957,252.7022801717652,-1.2476434770481746,5.737774711919089,200,433,331.60537634408604,700.9539000196766,-0.477368789391771,2.167668038606548,175,438,305.0763440860215,1302.3181696123709,-0.1770166150100833,0.5687237334881172,219,534,442.4731182795699,775.397016100096,-2.9066659767265244,17.632434717793387,383,981,768.5720430107527,4124.968431774252,-0.93732452963955,5.792330098664769,233,604,499.4129032258065,1497.2674328969756,-1.5477504477882689,9.163438807702434,600.0,6090_3_0
245,282,257.9172043010753,11.305301109992246,0.5380532441197732,4.223093335707961,212,281,240.74086021505377,34.295529937382085,0.13441568682284474,4.720180011718689,254,396,325.26666666666665,115.70276282741301,-0.5684621116182927,8.736893769692967,235,441,333.8752688172043,327.388085234441,-0.11654680166049276,5.422798780321681,195,432,308.0021505376344,541.3175411183258,-0.27785323044330124,2.8634250641486485,316,509,433.31182795698925,241.4311839531465,-0.6634327140484604,7.264977156690115,545,1027,735.2935483870967,1313.0407548873225,0.9622895076089156,7.103997755366734,367,634,479.60215053763443,443.25166383092,0.7012334090560542,6.579403907795678,601.0,6090_3_0
248,288,257.88817204301074,12.476178571015197,1.9539447287767944,11.0782434871581,225,278,240.11935483870968,30.91900065974513,1.0458826648631598,5.411896057111889,287,409,321.4505376344086,120.71929465143465,1.6550071396875188,9.072733069482483,270,472,328.83870967741933,324.52078197159625,1.6189655941283383,9.423012867875734,228,470,304.4,540.2531754574811,1.0202775914347053,5.486200113496567,374,518,421.15913978494626,279.2599002280172,1.0574511820294226,2.791007735989277,630,911,714.674193548387,1440.9088058613147,1.0105184494131885,1.622978225883962,416,578,467.1731182795699,497.1400731506881,0.9666607835626467,1.4747484570421472,602.0,6090_3_0
245,293,258.4032258064516,23.95887009965624,1.7200665155073125,9.133690327761295,213,294,242.6462365591398,87.77245621954468,0.8561057415341115,4.136092193829574,248,440,326.40645161290325,359.07035660960446,0.6604011516917736,4.96509216660283,241,533,338.46774193548384,980.6388937115872,0.7536895774151801,4.6892850517832825,194,538,317.56451612903226,1602.525973124067,0.4115172359903465,3.130721252200523,277,551,428.9935483870968,686.3810132296259,-0.46563094219876455,5.440594848452976,450,1061,733.3634408602151,2965.023850365175,0.9195798184421228,6.224745134956322,294,664,478.8247311827957,1107.2814113915992,0.7585154698286113,5.471829674498398,603.0,6090_3_0
243,293,261.03548387096777,17.859880551408036,0.2636199136376824,7.201449345642006,208,293,247.15376344086022,62.82778452955542,-0.5848044301227758,5.907705560540194,244,433,331.68924731182796,239.04541708624146,-0.6664540156393648,7.88809821400929,230,519,349.4698924731183,576.7854219475213,-0.6107560611363654,8.020757664097804,181,521,334.1698924731183,916.5997384168431,-0.9724915470368088,6.690622620544378,279,534,423.4204301075269,364.09323124645533,-0.7820205691350829,11.424597286008915,479,1097,700.0440860215053,1791.058334201419,2.8861860954856025,21.120230497341364,307,696,457.99032258064517,698.1602937601999,2.194425780006754,19.80376597452543,604.0,6090_3_0
239,269,260.35591397849464,14.832284685810851,-1.2245653806120154,2.980956637123864,209,264,244.95591397849464,49.807526881720435,-1.5961025542853124,4.432488493017996,236,362,329.9548387096774,155.82357720754194,-2.871146641005669,14.90402188494932,213,390,343.7967741935484,441.30526407166917,-2.215248267043198,8.498709823978956,181,384,322.2967741935484,843.3456300565992,-1.7295060904751445,4.576593500950493,235,535,427.43118279569893,588.189554035441,-1.5366514977599928,13.789025532144425,399,1101,715.7537634408602,4490.624985821267,1.4691956809898157,6.347550410113344,254,717,465.0537634408602,1726.4083012141627,1.4884755067745725,6.750252224702177,605.0,6090_3_0
240,270,258.3838709677419,27.758835376228337,-0.5586606308248856,0.184067225841674,202,263,240.86344086021506,118.54860816926512,-0.8503200526578663,0.4503155895374058,234,368,324.76559139784945,491.9492991654803,-1.6601196543682715,3.119009479369195,215,414,329.19032258064516,1161.4309073231711,-1.149401209538901,1.1335541725058995,175,410,300.8806451612903,1898.8867078718013,-0.8449654979309515,0.1564707695411296,219,523,433.0494623655914,1643.0438371702724,-2.3776935059540407,7.530045055490609,366,1113,762.4172043010752,9586.355354931306,0.09557226380661374,3.2740616236502653,238,692,493.06129032258065,3652.1006528004445,-0.18322137340016176,3.435697554339991,606.0,6090_3_0
239,269,254.38602150537633,28.02197877241108,0.28539988607019046,0.03327805714344523,201,262,233.06881720430107,115.68094262532264,0.16567785869537885,-0.13871943217109184,223,383,312.5032258064516,474.0586548144034,-0.5987402306764259,1.3469204467672364,206,384,306.2408602150538,1064.6803523270482,-0.06889386760703116,-0.09924312906267962,165,373,269.1225806451613,1803.8751623320254,0.26616642555169434,-0.4579013075286955,227,564,434.90752688172046,1409.8084470525598,-1.943845811116419,7.867635708113896,353,1101,802.6881720430108,8442.335382015579,-0.6654958694111588,2.584801503704341,229,693,517.441935483871,3175.284568908643,-0.9418555052650983,3.625194485457122,607.0,6090_3_0
242,275,254.05376344086022,11.577300137736264,0.5759864856881641,3.1386951291036382,207,267,233.46451612903226,43.90455224139727,0.13472728021222294,1.7690559974640037,236,383,319.1161290322581,207.39661793812286,-0.41479037719521555,4.594463848902561,217,438,314.80645161290323,427.0346192576131,-0.0222326808909077,3.8666272306862535,171,386,274.63763440860214,730.7092387467158,0.04326360717195209,1.0435985864264392,264,555,448.0956989247312,910.2416391772861,-0.5363528017555251,4.8962931778206915,526,1048,803.5774193548388,4740.463859856245,0.2813191462720926,0.803888186653452,308,656,518.3978494623656,1655.0901998912,-0.07639679044262147,2.565829161342892,608.0,6090_3_0
243,261,252.18817204301075,9.451097839045337,0.032705206869309195,-0.45753272039273174,214,247,230.34301075268817,39.678772411079095,0.0954009176125574,-0.7598380782103966,281,349,312.31290322580645,128.69746518976356,0.007472928729498647,-0.21206774522607352,255,359,306.83978494623653,401.8139159924534,-0.01946216344447109,-0.5554848404730071,199,345,266.64301075268816,798.6151556188292,0.12410151299840821,-0.6263702792952306,376,513,447.4494623655914,313.4037941132215,0.18665849436645346,0.7071396113198842,686,1099,824.4763440860215,3961.009665844879,0.7009027790430212,0.6948748531283133,437,667,533.416129032258,1286.0171776797804,0.5828155154209704,0.41142296410135293,609.0,6090_3_0
237,262,251.06021505376344,8.932861094713937,-0.18626063049931507,1.5721810580601234,197,258,226.68494623655914,44.44638239753696,0.2506038537025564,2.018883892277545,225,378,304.9913978494624,252.19583550354758,-0.6857715367009007,4.3571134226068695,199,389,290.06774193548387,606.0266224521683,0.08929601669519693,1.3150327698587079,163,358,243.51290322580644,920.9260981284073,0.3602778738641427,0.17700076311794488,206,540,448.7989247311828,1166.2038739771058,-2.707912346022685,13.571437299199754,387,1211,874.6483870967742,10802.030164241813,-0.5542136631757473,2.824981831220941,241,765,562.1731182795698,3813.7837760570383,-0.8336777887053002,4.21158192317542,610.0,6090_3_0
241,263,251.28172043010753,9.657900158570321,0.17921109511760117,1.110794842759212,199,253,228.2311827956989,47.00462400314825,0.12834007982874848,1.3076032717488282,224,380,309.4516129032258,343.3049758672176,0.051995761784872196,2.3576393453405986,195,381,300.0731182795699,559.5059504380939,-0.2099529271936958,1.4141929515816303,159,366,253.57311827956988,688.0059504380939,-0.020892494061692184,1.1142148693928373,215,602,452.2021505376344,1592.3681331527714,-0.4328821679397737,3.5421744410316123,423,1215,854.6172043010753,8291.805946965751,0.2441924016298018,1.6900404830840774,266,768,555.3129032258065,3168.3487030799683,-0.010740541037596732,2.54660881465015,611.0,6090_3_0
244,267,251.98387096774192,9.85872773360186,0.9808086397226773,2.1456414371890986,216,256,230.19784946236558,36.29235274372953,1.2217633816892515,2.634859342296828,274,387,315.15806451612906,173.0266571755964,0.7430904649701687,2.0570635670460664,253,391,306.64193548387095,359.20749678808295,0.6088325533407557,1.1444485705868592,204,364,258.7086021505376,612.1270518652269,0.7731981384130197,1.113239940200745,375,566,460.5376344086022,732.9851267983843,0.39729615624132086,0.6932726643806975,702,1154,859.8247311827957,4799.281411391598,0.6906927374120426,0.6523423668869976,444,710,557.4741935483871,1599.3820028473208,0.6209935137953893,0.5498707195781023,612.0,6090_3_0
243,264,252.93763440860215,13.470810329062353,0.24971770752642136,-0.41703171983273624,217,252,231.68064516129033,48.230518420778495,0.3051301238244321,-0.6704982837937856,285,359,317.152688172043,131.92929847101172,0.15730156513095045,-0.09621322004833699,258,358,307.7010752688172,381.40032177043184,0.16203384142385496,-0.5603597246916667,205,332,261.5795698924731,759.9403787168536,0.20703295971183827,-0.821815794153105,396,544,464.71505376344084,483.59901964188566,0.2427749642222661,0.23165444483480746,693,1135,867.1903225806452,5464.841025730059,0.6678028958101933,0.4287856487894737,460,722,557.8483870967742,1826.598086739123,0.6428872266226195,0.3976096004212839,613.0,6090_3_0
245,269,255.97204301075269,22.020746090720746,0.08064675345159826,-0.3853082236207048,214,260,236.38817204301074,87.39813766681714,-0.010481661885632284,-0.7142888997404575,271,366,320.8516129032258,232.22984131393451,-0.20681204169483328,0.0875655905272521,243,384,318.5451612903226,637.2600680579187,-0.16241861112526887,-0.4720370496537676,198,366,281.60537634408604,1322.5427051865229,-0.10272492460627193,-0.8438004410426649,347,539,446.3698924731183,770.0675532715256,0.350121937715441,0.37262048379122303,637,1089,797.3924731182796,6171.864098290451,0.9009554592991529,0.5107696706971421,410,679,516.0258064516129,2180.537546442585,0.7973527057632721,0.36940744258796787,614.0,6090_3_0
243,268,254.83548387096775,14.936306816208896,-0.12553624146931647,-0.18281893223783907,211,258,235.33548387096775,68.90562866766209,-0.40768121600165697,-0.3245397252525146,269,354,319.0268817204301,231.1004606641434,-0.3935974301178161,-0.34716665472832586,241,365,316.26774193548385,604.0046633563666,-0.5393769206446244,-0.4171048796768564,189,349,280.4225806451613,1099.6242473697002,-0.5628550789339097,-0.5478271610699741,339,519,447.03333333333336,466.1506637961966,-0.31913019145895083,1.3030053895274163,632,1127,811.3462365591398,4167.839087005335,1.225326895599907,2.6150851373832698,417,708,525.6440860215054,1445.9044052455524,1.00049977099443,2.238542516342549,615.0,6090_3_0
238,267,255.6726403823178,15.828114192290764,-0.5062177034862697,1.4464822202003669,202,257,237.22341696535244,68.84835051133862,-0.7754952758345365,1.2939496001231978,237,358,321.5830346475508,269.0615778612383,-1.2929478534781595,3.8837297475665293,208,375,322.11350059737157,618.2777720613035,-1.2052916796404087,2.5763916588329954,165,358,289.247311827957,986.0021608272881,-1.0072196289105289,1.3216189127112123,244,520,443.700119474313,738.4709688852303,-1.4476998444361677,8.49427780268082,418,1186,798.4874551971326,4761.264495549724,1.0302506090545445,6.345864455780967,298,730,519.9271206690562,1637.1776966038428,0.6232002509994402,6.219972068472725,616.0,6090_3_0
238,279,251.57849462365593,28.026662962834358,0.8203788065909516,2.6227340497761196,198,267,226.06129032258065,120.64532449043368,0.3818733551917351,0.677205055427267,225,383,299.31290322580645,566.5338483975138,0.046515340323966904,1.1195293902307153,201,458,284.96451612903223,1394.092388624605,0.6340957541482757,1.3702435040064636,157,444,241.5247311827957,2059.3454587543547,0.8677162838227932,1.4251415186759937,230,548,421.8483870967742,1676.6497551998334,-1.175897286022142,3.5924207933367134,391,1258,815.9021505376344,14287.43174994502,0.3676538254760338,1.3216511506341586,238,768,523.6548387096774,5148.379120802805,0.06159699408854758,1.6596543215596053,617.0,6090_3_0
239,278,254.39354838709679,12.615674155352618,0.4283645054774776,4.100756480529264,206,268,233.93978494623656,51.264400384272605,-0.398223765016756,1.3015897848631646,250,379,319.34301075268814,256.7939500214128,-0.2353878231012059,1.5145227993182893,222,407,312.3290322580645,494.39108302371613,-0.3873913837257464,1.1838118277273697,176,393,271.3225806451613,741.0217715892913,-0.23775912033467056,0.5548657453956185,289,561,449.2569892473118,755.6077282776023,-0.27215317050947574,3.26047399938186,530,1251,824.0731182795699,4760.584529555424,1.0426358867524437,4.460506303985459,344,754,529.3548387096774,1619.7060314594257,0.8069350186606679,4.00818124561993,618.0,6090_3_0
247,266,257.0451612903226,10.31227473176152,-0.02719009457152962,0.0004509678460369315,214,256,239.01075268817203,37.683414933388896,-0.3157331156531006,0.3916602231851094,283,406,334.9268817204301,240.81273192356215,0.40137516050197913,2.353261734121438,257,408,330.59032258064514,379.22810861488244,-0.3472699997556253,0.9266153533050265,212,355,287.2462365591398,634.3881720430107,-0.142460448231809,0.0783738398867162,375,606,473.3322580645161,1004.1510573283795,0.7819876979239391,1.3384038153555577,622,1081,844.4462365591398,5428.322725326111,0.6968502251475284,0.19326987510480675,392,676,541.0666666666667,1787.545604592752,0.5814883682230777,0.32981417209298725,619.0,6090_3_0
242,275,257.73763440860216,12.432704839288402,-0.035187488090505974,1.6532185643816204,210,270,240.15591397849462,44.64197252219405,-0.46916108044177257,2.0029423866802922,254,403,339.73548387096776,290.1194069238515,-0.12067839386596746,3.3250082259102083,228,398,335.85806451612905,418.6967325254349,-0.9736519681241723,2.878782516194364,189,384,290.7215053763441,582.4164369133188,-0.6961444685661042,1.6259809172918258,309,608,478.2537634408602,1064.5663205898352,0.2209143649306697,3.389531742816697,531,1076,843.1344086021505,4795.808610252671,0.5190967285514763,0.7877612494535553,360,682,539.9258064516129,1570.2474495642211,0.4144240593245242,1.0116811919592212,620.0,6090_3_0
243,267,256.6655913978495,9.787942868386633,-0.11493391215589363,0.15538645076045432,218,256,237.8709677419355,34.480641688947536,-0.2071992627373259,0.18601881526086306,281,401,331.89139784946235,274.31004433024293,0.866875789964867,1.6681202065435885,259,399,328.3,407.7387513455329,0.0015382768896306685,0.5675062079272841,207,381,284.94301075268817,549.6598273088185,-0.2046246818720504,0.27222532906635655,392,615,466.041935483871,1191.1317163790409,0.9597231445813785,1.3525796581960892,664,1080,829.8451612903226,5342.100864613354,0.5779369377276566,0.21812984861472806,435,670,532.8451612903226,1713.022285496024,0.5911602604164383,0.2115394265235846,621.0,6090_3_0
237,262,251.42795698924732,20.3182703103117,-0.3975738692418659,0.02342314893075903,199,254,225.45591397849464,97.72302741993356,-0.10175619875479441,-0.4764096847134529,222,382,297.18924731182796,610.4657615426462,-0.34327524564846174,0.27646697175379087,196,373,281.7010752688172,1185.0601710707547,-0.07703320342312091,-0.6587817228561517,158,328,236.6032258064516,1604.9199034688704,0.28846211750699735,-0.9501283393978341,238,570,413.31182795698925,2594.806856719562,-0.5267677704502075,1.0614580555245752,440,1239,796.5806451612904,13768.960658356194,0.27801758198649545,0.6730827030044582,269,778,511.5827956989247,5097.347819947452,0.06382134542678194,1.0428980597281639,622.0,6090_3_0
237,284,252.2709677419355,38.376443626514806,1.373250862449936,3.6984408964425715,196,285,226.01505376344085,122.12248573445837,1.1607568925919733,3.6169010452575483,230,416,302.0838709677419,650.9552831695546,0.19778767481922205,1.4958395858168556,198,499,284.1978494623656,1395.652955542438,1.5567096634609712,5.753765802049989,158,502,233.92688172043012,2036.2486845608069,2.245808019904307,7.40688190961448,217,595,423.4,3318.487836383208,-0.24595308395292004,0.5566608110749907,390,1303,821.2172043010753,23691.095936201487,0.11364629341260854,-0.4269508522580563,259,828,524.8935483870968,8888.622670926074,0.09883657890703144,-0.28545054699665506,623.0,6090_3_0
238,279,252.39032258064515,50.304965450189236,1.296140329519808,1.9050382520298053,201,276,225.81075268817204,166.25262914221562,1.1193234684232722,1.2097214366164337,226,391,299.23763440860216,577.6173119437018,0.6658656254528743,0.872294064486721,204,455,282.9161290322581,1703.7281572276818,1.3041967705841158,1.7864121420794898,158,455,237.78494623655914,2832.0118291144368,1.436989818452985,1.8008476183437567,219,571,423.84086021505374,2317.608662337813,-0.4464292486135321,1.094040206310682,356,1199,817.8451612903226,21240.277398520782,-0.1732184309548457,-0.45862118334823254,221,748,523.0150537634408,7798.561667650497,-0.2138761541273373,-0.2863028143022026,624.0,6090_3_0
241,289,256.26989247311826,24.145594175723698,0.43809881837589404,5.08256491610487,206,290,238.39139784946238,107.48926930333228,-0.6455825619009344,2.296041987009038,252,410,321.8311827956989,387.2750222808662,-0.9278681159875602,1.939261041889826,227,447,328.08817204301073,1147.8716575807032,-0.9608521256016737,0.8564564062580664,178,462,302.7591397849462,2124.1895019502995,-0.8986939140396845,0.3924365941380592,299,525,432.43978494623656,1071.865584453164,-1.1575169609079379,2.0619483130474086,501,1076,762.8,7799.479870828848,0.5585888985401972,1.5718587095819707,330,685,498.5032258064516,2786.708816278343,0.2497394235106354,1.5446725470255336,625.0,6090_3_0
244,277,257.8247311827957,25.63663205898353,0.5534734825857283,1.183642666537228,215,272,241.1516129032258,85.05664432792804,-0.14475384241954828,0.04679165190173995,280,383,327.2795698924731,213.97557785571266,0.025777884949470867,0.5024102335684577,252,429,338.52150537634407,896.7298922416288,-0.13743551558456657,-0.2682615714211116,203,428,314.4559139784946,1859.0082803801056,-0.3506225716480185,-0.4224889542976715,367,511,440.26451612903224,519.8610646202993,-0.05007569041526168,0.4891781004808857,603,1080,763.5322580645161,5667.803586930102,1.1639880966055152,2.363157377089024,402,687,498.63440860215053,2093.4313228468577,0.8033854673465343,1.7656276845829986,626.0,6090_3_0
245,286,256.98172043010754,18.717641816266767,0.9059553297755409,3.5533225464506675,213,284,239.33655913978495,61.52815607023392,0.16990309053125063,1.4767603007975811,265,402,321.9247311827957,214.68969987383824,-0.05340533070553171,2.4080798073269163,246,451,332.40967741935486,703.8890343414702,-0.09996676498572062,1.1754407091550343,195,437,308.48172043010754,1322.0604835816061,-0.08666887503390282,0.16969457575068336,334,496,424.85268817204303,434.72854497262637,-0.0996967383142706,1.1766815084150073,569,913,730.3655913978495,2541.47653274998,0.7341489509808863,0.7077849573420831,376,594,479.2494623655914,864.628767202565,0.5258776805276978,0.5887185605977461,627.0,6090_3_0
246,284,258.710752688172,17.803221176661225,0.27758983648215746,2.5486113411929168,215,284,242.9010752688172,58.70495040337049,-0.1296833180554468,2.313209143055489,282,408,330.06451612903226,193.59970832320568,-0.16771617039083664,2.576028020085446,255,455,342.11397849462367,586.9643899672442,-0.3361917984008136,1.2012656789441802,202,453,319.31505376344086,1118.9393856268157,-0.4150799717821752,0.6696827795379416,385,532,440.71505376344084,465.9348646365036,0.8033788126671835,1.2625731354794958,658,1035,760.2516129032258,3484.780540991007,1.1015189055881849,1.4018132159732488,434,629,495.9913978494624,1120.6500873872938,1.0339752179258732,1.1482156024922396,628.0,6090_3_0
248,271,258.2118279569892,8.218805051101311,-0.2960104627166553,0.5923346633747855,224,271,243.40860215053763,37.72737479310624,-0.3947450266346371,0.36538641250548176,293,400,330.2774193548387,153.02952185839786,0.06093224707417952,1.4208814415869302,283,405,343.4021505376344,370.57222357257774,-0.45644457354019774,0.18072252170488623,241,399,322.6548387096774,706.4437063786936,-0.49057872510344797,-0.10976691308484199,397,558,436.747311827957,293.62714561848213,1.2265448017134348,4.167132534206483,673,929,743.0537634408602,1238.2576015370903,1.012814846031123,1.7190278031632849,434,594,486.51075268817203,401.04455594522955,0.9835071367539332,1.906577030032092,629.0,6090_3_0
241,280,257.5376344086022,18.143361459309933,-0.23418647290298977,1.9767197673463057,207,280,241.5505376344086,77.86019884949708,-0.6314426964459771,1.3037367218689573,236,413,325.1290322580645,334.8703079968054,-0.7843824183720527,3.274642629853898,214,488,334.9591397849462,858.200696783453,-0.6287004050571561,2.092971243151183,178,484,313.0010752688172,1459.9558653656957,-0.6848782638800733,1.437378373240505,233,546,429.194623655914,921.9545458754355,-1.140750536299617,6.5138070762040385,410,1215,741.9870967741936,5564.761943123026,1.5386624417668986,8.621666110004666,254,753,485.2903225806452,2016.8542657731173,1.0704683447124148,8.140325752047898,630.0,6090_3_0
248,282,259.8989247311828,10.693755570216558,0.8000506504180526,4.837571867937601,223,283,244.81075268817204,33.72302741993356,0.7728034309220244,4.6281834408297895,280,395,327.9290322580645,119.31680961144484,1.0777570153461686,6.250263089381493,264,457,343.10752688172045,300.8065094852831,1.165769075684449,7.6937165942776495,232,456,326.13978494623655,460.16558445316383,0.48104052335100345,4.980797749275757,348,515,418.40645161290325,270.54290773985207,1.3079937735111453,3.840679429351032,624,924,694.4494623655914,1197.6190793661817,1.5784703374245765,4.632193193956653,407,574,453.7247311827957,448.6173640288436,1.406678275202949,3.5000543045411945,631.0,6090_3_0
251,291,262.10967741935485,18.235535956109587,1.6023089609172716,6.618594932957258,231,291,248.3247311827957,54.49723485769181,1.2492251684385702,3.919489929911923,306,417,334.5827956989247,186.31875643830227,1.9086373839036805,6.7162918940787435,296,487,352.1774193548387,467.50670162158406,1.9923864861830227,7.571114435954927,253,493,334.51612903225805,713.444841834786,1.6771708652441548,6.394445154317173,389,510,425.59247311827954,364.3536569556814,1.4024713814882817,2.7272955617891155,630,956,697.7376344086022,1199.888033149299,1.6143223329465481,5.107567849584603,408,606,456.3215053763441,476.2786543514242,1.7023919140119401,5.366083455699076,632.0,6090_3_0
248,283,260.66021505376347,10.543194786856024,0.24264153308130854,3.8806642042461466,217,273,245.28172043010753,39.425392085373325,0.13845573161279096,1.3982934141170738,286,397,332.5698924731183,120.38962000995406,0.8369055583778269,2.6854249542332145,258,459,346.19139784946236,333.10218641850986,0.310433165890634,2.9963953022060243,206,454,324.4301075268817,629.4402120443997,-0.07081249499858266,2.284863400599706,391,504,430.35268817204303,356.91961063462855,0.9031758436259636,1.0131129024303487,634,1083,713.841935483871,2075.465839091635,2.167582115866745,11.05678684564541,413,672,462.73118279569894,716.4185099019642,1.9807506091729816,9.562172386579059,633.0,6090_3_0
247,274,259.9698924731183,11.917284164959431,-0.3695941699740445,1.2315280796068802,218,270,243.71505376344086,45.49998842552403,-0.9041020349798472,2.0488675547760984,272,389,329.01827956989246,169.9964362188502,-1.2169999826065028,4.662911429473099,249,419,336.6,458.3048439181917,-1.2987971253451498,4.29030159370204,199,440,311.38709677419354,819.8327719712491,-1.2029310521727075,3.553246056912032,342,499,431.5387096774194,290.7783707767631,0.25196493209054915,2.8154187184442927,597,978,731.0430107526881,2370.9195689665153,1.619329335227391,3.829185972988957,397,645,472.7204301075269,888.7032420107179,1.7171916671168956,4.593694859454703,634.0,6090_3_0
246,268,258.3,10.686006458557587,-0.4361634653044256,0.36987537151582295,214,257,241.9494623655914,44.31714179890506,-0.950267636796665,1.5833695655049578,270,356,324.7956989247312,146.39309235274374,-1.289699990410455,3.9653323526781064,247,379,335.14623655913977,444.7127145618482,-1.5417391180898488,3.7482825019966413,193,372,313.7537634408602,924.7046413648621,-1.5021452330020286,2.933289286507283,382,491,427.7451612903226,290.41399701378526,0.847650350232928,1.335766535466509,601,1069,736.8505376344086,4423.6622440594,2.163513539346694,5.529028119059582,399,664,481.905376344086,1517.954438232809,2.028940228041444,4.823800484551378,635.0,6090_3_0
242,271,254.85913978494622,15.468834566015026,0.03247171954674346,0.7235704117518997,205,256,234.52903225806452,57.96094308830168,-0.4533263558823146,0.09139753277237128,247,383,321.6494623655914,325.3990578376564,-0.5928904995413287,1.56937494301721,208,376,315.7806451612903,648.1046841904234,-0.7598939904224301,0.5907113886021023,181,353,274.947311827957,1097.445014294478,-0.26842931308018636,-0.3116595527575656,235,594,456.98924731182797,1488.3185064296215,-0.04119139553848624,2.109226094463918,427,1154,846.4010752688172,10608.87771681887,0.4780191239277757,0.2336183795068516,282,730,546.1698924731182,3769.9151313124303,0.4188524521066232,0.32010363511386997,636.0,6090_3_0
239,275,251.91935483870967,16.558613146289805,0.21826246833133245,1.5587650127453223,204,274,230.05161290322582,82.04039029132954,0.1815073746399603,1.7066734422756502,243,405,314.794623655914,521.8210690186002,0.14585763116968248,2.003795906282808,213,448,305.0505376344086,906.7326423371182,-0.15231109997394338,1.2767495733294778,173,421,259.3204301075269,1154.24812898596,-0.0322200313159052,0.799549806763661,261,606,456.041935483871,1838.3588423209142,0.01341914183643885,2.502608241236363,453,1200,862.6612903225806,12169.431976804748,0.5353075427839109,0.7166210317000763,295,758,555.6225806451613,4400.88754123407,0.4009654179053327,1.1252965289618153,637.0,6090_3_0
242,264,252.8989247311828,8.301936409829045,0.001422279954198881,0.29347228224461297,214,256,231.69032258064516,34.09560054168547,0.0015609166148308484,0.6477983210081217,270,378,313.4451612903226,143.92002500086807,0.14814401710512975,3.06207423418262,241,368,306.9182795698925,323.1558549486672,-0.3762828449236286,0.8391737154550776,198,331,267.1548387096774,553.9781520191674,-0.29865281601808064,-0.13668213278317376,348,540,440.4182795698925,545.1370174890332,-0.12005101837653624,1.5341697525906026,656,1025,811.831182795699,3477.802471150619,0.34888678439179294,0.38848027844108035,431,648,525.7075268817205,1198.579598828663,0.30638747780352976,0.5709894408973959,638.0,6090_3_0
243,265,253.0774193548387,11.15008160005556,0.014050933177278877,-0.28864854937330353,212,251,231.88172043010752,48.25079574522263,-0.06891021158132825,-0.3848775604171131,259,358,311.9193548387097,165.7082363970971,-0.46134058760723173,0.8206888302543445,232,371,306.8322580645161,466.09023924441817,-0.25852121375197373,-0.16428966413753798,193,346,269.4688172043011,923.4505874046552,-0.07964971779209096,-0.5655366270392856,331,549,437.23118279569894,659.5385314304895,0.3459154833171199,1.6014607366640723,596,1098,802.2236559139785,4871.6915818836305,0.8465382638931422,0.6640634085500867,414,660,519.2139784946237,1604.5472747896338,0.7442070713493961,0.5025606130580602,639.0,6090_3_0
240,266,254.35913978494622,17.79552993738209,-0.2521433560698653,-0.022902090130326513,204,250,233.4505376344086,63.30702339201593,-0.4731947818556567,-0.025428532499941703,230,346,312.7494623655914,224.9134819496047,-1.3038733475339641,4.027823940020657,207,360,309.4731182795699,567.1989536673726,-0.8156791471280452,1.014571823297855,178,346,274.747311827957,1159.5797828628308,-0.4198107711431739,-0.60132518715502,207,524,431.8752688172043,1255.0780744701785,-1.1916607154838648,5.350631116305493,383,1242,786.0709677419355,10296.10260078475,0.4814975314005185,1.9747851730691837,249,747,509.6763440860215,3625.0479866199057,0.21849714394668607,2.3139706125649715,640.0,6090_3_0
238,267,255.34086021505377,16.156025093463896,-0.5515132707896042,0.7226047715127901,205,259,236.32258064516128,71.62457029757977,-0.5885464816582722,0.42346984341841054,235,348,317.97956989247314,251.03187494936165,-1.3650893321833588,3.875811790318889,205,367,319.51505376344085,672.2371251316596,-1.008722759198665,1.504231360889528,170,355,287.4967741935484,1268.3815826938435,-0.6091050191119548,-0.1024681005778647,234,530,433.03655913978497,780.9523756611919,-1.7427690549082462,10.502770737097183,373,1021,769.5634408602151,4560.793064574002,0.09337725220378451,3.2453207030378,272,649,500.18924731182796,1455.8134472261768,-0.12364339285701498,3.7994956895896452,641.0,6090_3_0
237,267,254.4784946236559,17.720204405245557,-0.6999078878603783,1.8029551056261885,198,257,235.3709677419355,75.80948991284419,-1.0253630303613233,1.6764853762383058,226,361,317.73010752688174,337.5535597300832,-1.6082296500257358,4.7612676583025175,205,374,319.2752688172043,769.1405071935369,-1.3018623330987416,2.377618771877266,165,362,286.9494623655914,1242.734795189648,-0.9858522870068166,0.7819756917203651,220,519,434.6795698924731,1148.9607231732582,-2.304684679328113,10.267344255822602,372,1034,772.8537634408602,5196.383328124819,-0.7707279424544097,4.6539013539839695,249,634,502.86021505376345,2033.1752722895474,-1.3834736509515415,6.450429451370011,642.0,6090_3_0
242,267,253.55483870967743,22.17406159936109,0.07115604867404199,-0.42753181587104416,207,256,231.95913978494625,106.09520700950266,-0.1009134698643229,-0.8279340988864852,257,358,309.8032258064516,401.0538108962117,-0.257784507966824,-0.6027250754774096,232,382,304.48709677419356,1118.6160873641447,-0.2610943799335824,-0.9038443473897622,182,360,267.66021505376347,2014.5238191140895,-0.2100197049524863,-1.1548425788397727,317,532,428.76666666666665,854.0477574452816,-0.2822914783539172,0.7584986128628528,594,1083,796.5612903225806,5112.5328379457615,0.8042929742126571,0.9142030820259865,375,700,517.8440860215054,1793.3459552993738,0.7162884584657198,1.4756816733218168,643.0,6090_3_0
237,262,250.221027479092,13.658026215751171,0.16609937898223545,0.10763523454311086,199,249,225.34647550776583,64.4133039506554,0.17342888352679212,-0.45373393562421027,237,381,300.98088410991636,351.06901213607495,0.030319053425553227,0.34860370697907017,203,361,287.07287933094386,822.9910937330292,0.09864400403211138,-0.7845059975656508,161,331,241.6511350059737,1269.4307792126128,0.3777535910009699,-0.8263740789252076,241,569,422.9617682198327,1344.8789193576968,-0.38690558932837166,1.7298783012447165,455,1098,795.4982078853046,6245.173740803622,0.1856315369039157,1.3687316151612396,301,698,516.0752688172043,2351.1318876369805,0.09425656376151108,1.285562665953317,644.0,6090_3_0
243,276,256.5709677419355,16.497111010798985,-0.14578112021771775,1.2716635685596893,206,268,239.0505376344086,73.5033635427156,-0.3121698158552537,1.4922695833858723,236,380,323.89032258064515,348.1580332650439,-0.8125994381829438,3.4731823877941483,215,430,328.6172043010753,811.9028253295832,-0.41834829261025197,1.8987137901481237,172,401,298.752688172043,1318.6922694075024,-0.4111841023285623,1.0384429744857977,224,543,434.6322580645161,1025.0120906975937,-1.5292463701203771,8.979876489364777,388,1141,763.3451612903226,5810.590100350707,0.6229924906952443,5.901755896024985,244,731,498.09032258064514,2170.045654362999,0.3297710413436493,6.987303531090911,645.0,6090_3_0
244,280,257.4935483870968,11.175954026181467,0.46089010771884126,5.180227353310853,220,278,240.45913978494625,35.57906061553063,0.15953009469872997,4.991103779613977,277,386,329.39032258064515,145.79689225320323,0.1610974226201711,3.496449148921382,258,452,332.4612903225806,327.908618354804,-0.09982827911462251,5.3812393205758795,203,434,301.44193548387096,629.1058821486857,-0.4280529857408385,2.925303801380986,354,529,446.01290322580644,537.1645265460606,0.650509019417854,1.1490641252310736,639,1090,776.2387096774194,3566.3326226605095,1.4224104624095368,2.919089920559826,409,679,502.3268817204301,1159.5227426878248,1.3862375936669564,2.9235343766547714,646.0,6090_3_0
247,282,258.02150537634407,10.617405696957071,0.4692542082356651,4.096179018426666,216,272,241.1462365591398,33.3198189751959,-0.3264102561360333,2.6558598036880303,274,387,332.01182795698924,131.0967383126729,0.009219659452703886,3.4862402645322277,258,429,336.2043010752688,310.21655844531637,-0.5205601938351209,2.7689399371509884,199,407,304.9204301075269,553.7503894811163,-0.6304144455068316,2.055459592072582,373,563,450.1741935483871,420.45186291190663,0.9898979521145455,3.4011287132467274,664,1098,779.0139784946236,2795.578921721819,1.7299423624267942,5.324646000990901,427,688,504.65698924731186,947.560365521951,1.6207513815329324,5.099164663143826,647.0,6090_3_0
242,268,256.5376344086022,12.49427642163501,-0.2383494482063631,0.8668103636874069,214,258,238.2752688172043,46.63889255413961,-0.4462814055412984,0.613477404826801,258,435,334.4172043010753,436.9516950820052,0.5310927161556817,1.906643230321289,238,429,329.7505376344086,562.6868942208641,-0.3551919090061458,1.2387561695322677,192,348,285.0838709677419,669.5236362373693,-0.7028846033243148,0.5898457015576897,305,676,469.258064516129,1880.7987777353383,0.8764413119594254,1.8301377888108892,522,1151,834.2150537634409,8620.339062698937,0.8081588650437197,0.8440932189340802,327,722,533.141935483871,2836.649369769784,0.8029819803272412,1.1900617283680486,648.0,6090_3_0
244,297,256.8505376344086,15.274730604071905,2.760124107919554,22.690680928415134,217,303,238.94193548387096,49.25389076009583,2.29360759493974,16.227294822317006,287,442,335.6763440860215,449.05659803002425,1.4712142093702998,2.5176182832622116,264,492,332.3709677419355,511.8181013229626,1.3055487816324918,5.777632919487626,213,501,288.55806451612904,588.3093267127331,1.6228597308692372,12.2912316965746,372,643,471.03440860215056,2130.4143153118744,1.0072098307316868,0.6564797815561341,656,1151,833.4333333333333,8910.766810190169,0.75153487550892,0.17192823580882743,435,710,536.8645161290323,2875.9471787214834,0.741633053154551,0.20470269908278738,649.0,6090_3_0
243,268,255.25698924731182,11.945726124749699,0.052153765860723955,0.061739146507182596,208,259,235.05161290322582,53.452661550748296,-0.06029649339179889,0.15102300407188274,262,386,321.43763440860215,251.0127909533896,0.2777070560357551,1.0566099323495104,231,408,317.5956989247312,587.8040719006447,-0.22110576725659994,0.4942580761404636,184,405,277.26129032258063,1039.6248723914027,-0.045134164966224605,0.4005865071053969,350,591,449.7483870967742,1113.0281190319108,1.0858596865527221,1.8657108847134012,653,1227,821.4225806451612,10404.188294732456,1.4157510209059276,1.8813923742987946,426,776,530.3204301075269,3572.3794529902657,1.4873814614048237,2.2002739208248068,650.0,6090_3_0
239,266,253.58494623655915,15.110645045545562,0.05038250503576413,0.18252108306902537,203,254,232.05806451612904,58.061210458696465,-0.12020975773030984,-0.0581286834010184,241,385,317.5784946236559,294.9696123707999,-0.0019373914333039321,1.8450081981439181,217,371,307.3505376344086,628.9168188710257,-0.30602359604994767,0.07728611670831009,175,363,263.6795698924731,1131.783112839566,0.1426690046060261,-0.38331752579260314,307,592,458.1172043010753,1282.4781751681192,0.706090984081578,1.651727101998345,553,1292,866.5440860215053,11259.445309443614,0.6225444255134968,0.15524259594532186,329,796,558.3096774193548,3871.4949546859266,0.6381247078161775,0.35505459083400126,651.0,6090_3_0
243,305,258.2,22.704843918191603,2.6930680976652437,18.5802856354203,213,320,242.75913978494623,80.17012627753279,1.4835522606641676,9.575495424707457,276,471,331.805376344086,257.3603585772654,1.4738024942525123,11.122259906728075,229,526,341.1784946236559,781.1909256108429,0.6626655276580189,4.280173096994081,195,543,316.69032258064516,1562.5283239001355,0.33955329416324137,1.5170682532261104,389,554,448.91075268817207,571.1922416287604,1.2141015430207562,2.535683136118987,668,1151,789.3731182795699,5790.647500491917,1.2290781633807806,1.5737493461456795,423,715,514.5268817204301,1910.5121937104298,1.174445686185792,1.4880632446600623,652.0,6090_3_0
248,282,259.6548387096774,11.494298413139344,0.9620609583063605,5.757478331517627,220,274,246.90752688172043,32.493054156973045,-0.44599863428110964,3.0377806073814293,284,382,339.6010752688172,96.95909464448998,-0.9233824757623873,4.129691742861072,258,429,354.78387096774196,317.7691690683704,-0.9715575199118309,4.060316290883956,219,433,335.61182795698926,656.2614315311876,-0.979440407656469,2.496077966821751,370,518,457.48602150537636,292.9153049295693,-0.20581371917214497,2.5848625451987033,570,981,785.7602150537634,1977.6119784251766,0.8613096326369403,2.6462371855038196,372,615,513.5505376344086,651.3413613898631,0.41527416426173835,2.737891597115868,653.0,6090_3_0
247,267,257.81182795698925,8.51675984119819,-0.17568048109604098,0.4216889244591915,221,262,243.20645161290324,33.99608319733324,-0.528634619071753,1.306142278065928,298,361,332.93763440860215,85.78297394585461,-0.20040970354716903,0.9709832638518656,275,405,346.56666666666666,411.44495873699316,-0.5133576093856688,1.2904103147270192,215,407,325.8290322580645,879.3754748428765,-0.5368483203460747,1.147577795124663,416,525,452.06021505376344,272.00713450698515,0.8804823006435457,1.079725659561361,690,1047,781.8483870967742,2940.4689155873466,1.4203536884478456,2.6678064629188816,456,671,512.4,906.416792249731,1.3670204885293558,2.75228697511489,654.0,6090_3_0
245,268,258.041935483871,11.271651793465052,-0.16787006814760425,0.23269992001114836,219,257,242.5204301075269,42.0733173605565,-0.7627397697738396,0.6913796508685346,279,359,329.46666666666664,99.42246142805885,-0.9422956942329743,2.151906315239339,261,379,339.64086021505375,414.24978182112795,-0.8974250394228807,0.5819740206096382,210,385,317.6634408602151,977.922128083151,-0.8305283624102859,0.3925156800533154,372,525,444.8505376344086,372.11219023808695,0.6436521027026076,1.545729431093183,664,1016,772.5516129032258,3828.6501857703397,1.0284394205036123,0.9560928570500966,440,649,504.6559139784946,1246.9342222530877,0.9848787973581729,0.9502785197013304,655.0,6090_3_0
248,272,258.98064516129034,10.875835966526617,-0.15732569234521734,0.5118925122246578,223,259,244.86666666666667,35.456907068532466,-0.8877603883543553,0.8129849041086299,304,363,334.0548387096774,85.6945136983923,-0.2820064142909966,0.21746923333914125,291,391,348.5494623655914,297.7440524555251,-0.8234523280560923,0.4210431848782221,236,381,328.73225806451615,695.6472898364527,-1.0198736167922915,0.6220883718199137,391,521,445.7924731182796,414.53923284373303,0.2727485503463639,0.6911568683724085,654,990,763.6365591397849,3057.200384272602,0.7978218379600446,1.0503945777825763,435,627,499.7494623655914,912.3343646191419,0.6802182739045272,0.7017438649484746,656.0,6090_3_0
242,285,256.5483870967742,17.7936733914372,0.010927881400227461,3.457898342109149,205,280,240.1204301075269,79.80679421739181,-0.8282933433237591,1.7501734576387813,237,404,328.88494623655913,341.27307776890405,-1.4554997560079648,5.326975723670747,217,469,335.39462365591396,761.0206384480942,-1.163475602470789,3.1392464447364343,178,466,307.22903225806454,1414.140168061391,-0.71626082910056,0.9372051999726216,252,575,450.3333333333333,1158.0287047003949,-1.137659147088461,7.351255379213992,438,1157,791.5365591397849,6578.696724423301,0.5354210271823223,3.309146391309122,258,716,514.4634408602151,2325.3985543479516,0.09606758115204908,4.711315865157668,657.0,6090_3_0
243,294,258.2225806451613,28.588725302961905,2.4130217146234316,11.943192362383817,212,297,241.70645161290324,84.46379040938922,1.7457709837008737,9.607805779445359,247,453,326.4989247311828,311.4149611676331,1.6664483318691494,10.74342207681743,221,528,336.71397849462363,810.8825815711193,1.3868496441990592,9.352701007226942,199,536,312.6505376344086,1257.1425454587545,0.8926951329516677,7.202924663750705,273,556,431.63548387096773,499.74965450189245,0.7993713834430792,6.240552607449615,517,984,736.6537634408602,3010.0565251108255,1.5099323751515334,3.496219118829753,316,639,481.1010752688172,1057.944562889915,1.2315006591018876,3.336070699048361,658.0,6090_3_0
241,291,260.48494623655915,13.494391008947073,1.343575486231924,12.853870062864297,213,288,246.19354838709677,41.5254696343623,0.32930892830474934,10.241918328150334,255,426,331.6322580645161,172.70638563839026,0.5721091455625014,14.411927691473181,240,517,349.84301075268814,473.36391772862487,0.604987723186524,13.687816319681307,202,511,333.289247311828,738.750476289686,-0.07599173010395328,10.001798872011667,270,537,424.33870967741933,426.25436647105795,-0.8050021653100977,13.379100758460602,454,912,698.8236559139785,1632.5759737027906,0.9732399347077396,8.882358365820258,301,584,458.6483870967742,657.0376992256676,0.685922124077442,8.146642089460846,659.0,6090_3_0
248,287,260.84193548387094,18.359272891419845,1.8726858405994928,8.758584860987895,221,286,246.19462365591397,54.44539625218468,1.1256127947843557,5.431398764642886,289,414,333.4935483870968,195.57853744921698,1.830575067527649,8.001895447699606,263,496,350.0064516129032,526.7771380950728,1.7099894452840692,8.885336364148195,216,480,329.89139784946235,849.1453511117284,1.0876224506067602,5.867995455617153,392,528,431.452688172043,360.3449066518514,1.5449386890607903,2.9363067739598856,653,975,715.6064516129032,1762.0580853501858,1.9428412203300232,5.862629842326523,428,608,467.0032258064516,619.5726483558456,1.8672589487873616,5.111108177268388,660.0,6090_3_0
249,272,259.76129032258063,13.460717386020347,-0.020590049963792243,0.09031469889773414,217,266,244.94301075268817,56.322905887935924,-0.26458161732330077,-0.15143913768383532,288,377,334.90967741935486,177.94447029410745,-0.3853207350129926,0.32073489305889247,270,416,345.8763440860215,499.11386390731155,-0.09063237569294003,-0.2230965504350877,214,445,320.4494623655914,932.2756993877102,-0.12097337145376195,-0.2662995147528924,372,509,444.09032258064514,309.48160700024306,0.2588676618144734,0.5912052057268617,592,961,746.4612903225807,1564.5372512934475,0.747047376589366,2.053543303806836,384,608,483.72903225806454,600.9555609569777,0.7700546658055462,2.3011561729313534,661.0,6090_3_0
245,277,256.53655913978497,17.519114089609594,0.09798698372408249,0.302665059461499,219,274,236.51612903225808,58.13590749678809,0.2940132434226632,0.4553840185799789,289,388,319.94086021505376,152.41953424308716,0.4253048609346371,1.9817611342091173,265,435,320.0817204301075,439.9588689422087,0.38546765844258307,1.664477066647418,210,432,285.19247311827957,882.0199648135931,0.2544668501391899,0.738109351531917,371,507,434.1655913978495,309.5441323194092,0.5279422768825032,1.3791695021377643,644,967,749.758064516129,3113.918799263863,0.8703629841873418,0.5701112201717735,425,626,482.97956989247314,1083.2859115478548,0.9027621006836799,0.6170624274082943,662.0,6090_3_0
246,274,257.03333333333336,9.267994259059922,0.08054068535568193,1.6390434616375211,211,273,238.53225806451613,35.05654710232995,0.2816243527629798,2.596507574719708,265,388,318.0763440860215,81.03291665219858,0.9224905910762571,8.160873406158363,240,450,325.26451612903224,248.79970832320566,0.5305564266647371,6.693625064554318,189,434,299.9505376344086,587.5217704318437,0.07681092759066636,1.7569636928031231,367,513,419.6989247311828,402.1546812968043,0.5824508929342971,0.9907754354436991,599,1049,718.2741935483871,2852.575974860238,1.1543914810004587,3.8936634870378066,392,668,470.2258064516129,1004.218063127192,1.1363198725342711,3.7773890134361547,663.0,6090_3_0
240,265,255.13763440860214,13.139271039503688,-0.5512741295893697,0.6798680715643424,207,253,234.83010752688173,55.185314304894845,-0.867374639222153,1.0532144129849854,236,379,316.8677419354839,262.5842112573353,-1.27105392880171,4.104468875799549,210,372,314.34193548387094,627.9475398451335,-1.166784709544541,1.6698088445481192,173,348,279.39032258064515,1046.1133615750546,-0.8345070377996026,0.5215692656030071,258,558,442.3032258064516,818.7238862460503,-1.6353453867484355,8.77299161512243,416,1138,800.6010752688172,7085.079654386149,0.48953875211064923,2.0690983882147673,299,714,516.9462365591398,2536.412606919222,0.2332265473286497,2.3124407382027794,664.0,6090_3_0
243,269,252.06774193548387,11.71661168790583,0.6565529759307223,1.1563976527655662,212,264,229.80752688172043,57.19542229475561,0.7826160835939572,1.1379076388074054,265,422,320.81505376344086,499.724638586988,0.9318465485768873,1.529652141574445,242,420,305.7118279569892,792.2570181835017,0.5087000413462694,0.3987854333634058,189,334,251.2236559139785,794.5591814530596,0.22446611809011777,-0.5485181538300052,359,649,470.6795698924731,1662.0565251108255,0.7688066165371745,1.2612187042645955,683,1240,906.3913978494624,7255.032864567057,0.42240790487785684,0.17459254252558942,438,785,581.3548387096774,2689.012812944894,0.49474097092254615,0.3067003633616707,665.0,6090_3_0
239,262,252.43548387096774,12.065262682732039,-0.3140736435463091,0.3673810407222087,201,248,230.03763440860214,54.82635392432608,-0.42274064320720883,0.42184732638739897,229,353,311.73118279569894,251.56598030024193,-1.3854694243097485,3.8641475565525205,209,357,300.6645161290323,591.8937879787493,-0.6789792060245715,0.7791623121859979,163,346,257.31720430107526,1087.9800050927695,-0.10870309034024704,-0.5040460944060206,262,571,448.8311827956989,1343.804624003148,-0.478949952505442,3.4209576433196673,481,1205,848.2688172043011,10663.798488373439,0.6860699587393848,0.9469677035726725,315,777,547.3150537634409,3873.369956132736,0.5699262036051679,1.1652059592945339,666.0,6090_3_0
239,268,255.96666666666667,20.55540007176175,-0.6232154826248337,0.652139300074662,200,257,237.7462365591398,85.43392015926479,-0.820975859033153,0.9155381314528652,227,354,322.53548387096777,371.7107955137331,-1.9401932172619683,5.541578528450396,204,377,322.06344086021505,862.8151313124299,-1.2069979919679268,1.8946646050605276,168,366,288.5763440860215,1507.038836996655,-0.6064412361918632,-0.14375691485836617,217,537,445.02150537634407,1591.8725187217149,-2.613883138887599,11.093737808157265,379,1172,801.6075268817204,10465.960976654284,-0.1656377947933013,4.265693385520036,246,743,519.0193548387097,3751.5109274627594,-0.6417624960407475,5.428737944823158,667.0,6090_3_0
240,262,254.45806451612904,12.612340706274525,-0.694289670101085,0.6969293319570937,201,253,234.89354838709679,61.35248793360882,-0.8884694156320013,0.9520325471149804,225,348,313.85806451612905,263.6461404909893,-1.6101296448084537,4.631407059225998,206,363,316.59354838709675,642.9390326052987,-1.2742681533494995,1.9044139868048147,168,351,288.05913978494624,1165.166574070859,-0.9433360688071494,0.4615325801950978,235,523,425.8354838709677,1068.2086426612034,-1.881151866949693,9.262011635558041,367,1211,765.058064516129,7393.484245980764,0.5840168066565717,5.431268371269059,238,752,501.2967741935484,2770.5167818327027,-0.10464160376186828,6.281524549487997,668.0,6090_3_0
240,274,253.01397849462364,16.416381355834115,-0.17005783117557158,0.8108399364419743,203,268,232.24193548387098,69.14161950067711,-0.6537397059127076,0.5861886162932488,232,364,311.98602150537636,316.26998738382116,-0.8943353965767122,1.4696270350444838,210,403,311.0043010752688,809.1905089297082,-0.8333743462207568,0.5803732872190852,161,398,276.294623655914,1306.5180550250589,-0.7367734632379458,0.18994373394242992,257,526,428.8268817204301,898.5932486081692,-1.222984224132175,5.082893879902491,494,1114,777.6172043010753,5188.193460421079,1.0368128634749294,4.430699447825901,303,721,507.03333333333336,1744.882633656261,0.5396082369277453,5.329959615422329,669.0,6090_3_0
240,309,252.23978494623657,46.22984710117249,2.658238124584751,11.740074078403161,204,323,229.5483870967742,159.38032570575365,2.0347406367623933,7.139921008439483,245,463,310.4537634408602,474.1361806544209,1.3514671917974792,5.203402041202274,223,526,301.93440860215054,1352.840687755362,1.2965251739636106,2.9585137815405096,176,499,259.93870967741935,2592.1846140490993,1.1089477226763178,0.9138826705974701,268,559,431.36451612903227,1045.7496545018923,0.4548148411617681,2.0215241367158274,498,1112,801.052688172043,7328.519287706748,0.700728583141476,0.6939386472633973,348,688,519.8451612903226,2368.1180874335914,0.6554441797345684,0.9557208555711463,670.0,6090_3_0
240,274,249.79354838709676,11.922886211326784,1.016606456574583,4.440717334250064,209,250,222.4516129032258,41.800131949025996,0.8627218933053308,1.2701986195169983,253,375,298.0795698924731,422.8634142389203,0.7771974769130285,0.774574199025535,218,362,273.5462365591398,447.2319825919882,0.585226421836865,0.6054752858892587,172,321,219.19677419354838,357.1786763429286,0.6844128036687996,1.2110197432224963,304,583,424.51827956989246,2353.4340034954917,0.47707432171607017,0.31325114282199396,506,1224,838.7215053763441,15424.356157042492,0.5225917502842704,-0.03562717666354542,324,760,534.9580645161291,5547.379294419946,0.49052023487194385,0.01157595061275929,671.0,6090_3_0
239,263,249.62246117084825,14.371648002378052,0.35520488162672054,0.22655979061699316,203,247,222.63560334528077,51.64337203386439,0.48090978998017786,0.5242450956731948,235,380,300.10394265232975,494.6889437670422,0.4866703873847475,0.8480771773098383,208,353,274.1302270011947,539.9435469579782,0.14201875983967227,0.3178606392676304,162,278,218.76821983273595,411.36248163582627,0.008925689183077016,-0.3150312698840043,274,580,437.06093189964156,2326.8036991305244,-0.043289853350726513,0.8250741530879484,500,1203,883.6487455197133,15141.596568400475,0.07470726206773641,-0.21830099584730522,300,771,563.9450418160095,5657.217071678871,0.012425513221692205,0.08233445644474369,672.0,6090_3_0
246,280,258.55913978494624,12.756993877102213,0.37729446187495264,4.43825175858292,212,281,242.43010752688173,46.69317221662789,-0.3083164679837951,2.846329885677365,272,411,329.13978494623655,135.37979327985923,-0.16715645975827956,4.132309254872487,249,443,338.7924731182796,457.7297602926027,-0.604516884638848,1.5371899217271814,188,436,314.68602150537635,894.8098151556189,-0.7632103769317398,1.066779265416991,359,520,439.35376344086023,299.64113221523894,0.8129506239877151,2.205803686545189,622,1067,757.3849462365591,2940.9948215794534,1.662760366806532,3.8995668844921694,409,679,493.0290322580645,939.4404909892705,1.5738972197822334,3.8374953974617654,673.0,6090_3_0
246,271,258.27204301075267,9.595450073497924,0.07838061228861577,0.663352026308647,213,259,243.04516129032257,33.328421125733534,-0.3662511754776873,1.1692876983271345,251,363,329.5,126.97793326157158,-0.9336621015172483,4.568187684896396,236,396,342.97956989247314,337.29237010544347,-0.8977884385838314,2.460930612795135,200,397,322.1516129032258,646.5055140803499,-0.7113852095996015,1.3408825233219446,270,499,433.78494623655916,289.8159195342431,-1.6859725802352317,15.334321736353285,495,976,736.5849462365592,1643.7112909013044,0.556915224141677,5.992131566147723,296,616,481.06344086021505,601.5298783522577,-0.04448609070725915,7.476323523456184,674.0,6090_3_0
248,274,258.28602150537637,11.257177911270066,0.4855727966217343,1.6827548408070712,218,283,242.68602150537635,39.3910853386113,-0.008676624382047637,2.9780925708791495,281,381,331.952688172043,128.09894325034435,-0.03472144525621478,1.8246787138992238,256,413,341.26344086021504,337.175949396391,-0.4263532430710581,2.386387957257985,210,406,315.1956989247312,595.5569244302465,-0.6202719988860882,1.8334469805446005,382,510,445.72688172043013,297.316068844983,0.4238083117961177,1.2143322915018695,647,1063,771.8913978494624,2062.124899012697,1.6696384332758294,5.819515582630553,438,662,503.0408602150538,668.6958528652615,1.4214277461454965,4.733096548165144,675.0,6090_3_0
244,266,256.8817204301075,10.289547090755464,0.018058960093794575,0.11463947997771395,217,262,239.15806451612903,36.977141567415536,-0.22456552882211508,0.6896301579962687,278,411,331.76236559139784,217.6582161417642,0.9365574959920285,3.8977855530557255,251,412,331.76344086021504,388.05808072039537,-0.4192435977660388,1.4457706465085804,207,370,294.18172043010753,621.9658657129299,-0.4769568124516247,0.45500056266337596,377,637,462.01612903225805,982.5045834924824,1.224996676829775,3.539323808572041,642,1129,820.7795698924731,5835.018096693173,0.7473706582439344,0.4615084742450102,427,687,530.8591397849463,1914.5710950611713,0.6983035737984183,0.3162149776387202,676.0,6090_3_0
238,268,253.65376344086022,19.397752236767477,-0.2254441173399978,0.24597165876967741,203,258,231.88924731182794,77.3623169785988,-0.24933790763847302,0.24831468897802278,229,400,321.35268817204303,538.6182112804843,-0.185325936657721,1.7352785714602295,204,393,309.6182795698925,836.3891165202496,-0.507270110444165,0.5365968792735449,161,352,262.02150537634407,1129.0264476775812,-0.14296989050522435,-0.0977725682951518,252,626,465.33870967741933,2009.621427827355,0.21960239173274676,2.977157594249765,506,1169,874.7064516129033,9647.05151914997,0.1595165719296138,0.0642893255130188,345,739,559.0849462365592,3182.575122978807,0.07497106246186816,0.5247814505539217,677.0,6090_3_0
243,277,255.73763440860216,16.865428197738346,-0.22825372983979708,0.9183485985608324,207,261,236.18709677419355,70.0316955449842,-0.41737846328163714,0.7508020037145213,249,428,333.69247311827957,562.8418162667685,0.45298796270005837,1.1997603710318776,225,409,322.47956989247314,747.6061483616329,-0.37703990249972336,0.7911916040571167,178,353,271.39247311827955,810.3161973216661,-0.5961626427274695,0.46139123517234104,315,652,490.2795698924731,2226.3049642927413,0.7201475469840112,0.5945838454565924,644,1285,917.1784946236559,12483.513853490282,0.6710769197615106,0.14055601083736224,414,807,586.4989247311828,4416.103873977106,0.6813134244129898,0.2114033229592298,678.0,6090_3_0
241,264,254.88064516129032,9.993274072016387,-0.38194402277618006,0.9702336083844467,203,256,235.01290322580644,38.80284732108754,-0.707599933851437,2.3109764861854325,235,401,329.6215053763441,348.5864046205308,-0.16788770931780825,2.98969269110081,216,383,317.88602150537633,437.5585772654144,-0.7431415091574791,2.6812829097054056,177,342,268.31827956989247,501.75865365695574,-0.5156740470477638,1.1048985012445396,241,623,479.6311827956989,1715.5699630774216,-0.27682812534475765,3.6676383014373597,441,1223,885.3720430107527,8839.351208954015,0.018373996117801217,1.5600324333516085,278,765,566.0440860215053,3074.5804009398476,-0.11351308168788175,2.3744029603909143,679.0,6090_3_0
241,265,257.2064516129032,8.439570818431196,-0.6498712946048785,2.0754589755946133,208,259,240.33763440860216,36.977376529277635,-0.9051163122702818,3.038639960186833,241,397,329.0709677419355,177.66772457376993,-0.7557629587976649,7.306472309446134,211,394,333.5086021505376,390.6312499276595,-1.1411124246408657,5.056091263119745,168,388,304.1516129032258,796.8865689780895,-0.6713809199391354,1.8165982198745878,260,604,447.7010752688172,929.1118395314652,-0.05914820331827146,5.095100638007034,469,1106,789.7247311827957,6111.8186557403615,0.7410301283222455,1.4116675098741798,296,708,514.4935483870968,2124.5042640369456,0.6449233223253887,2.1048912918093663,680.0,6090_3_0
247,305,257.13440860215053,23.96361563480213,4.073127091286125,33.41870567414704,218,320,240.83763440860216,80.63776404273295,2.7344601821504497,19.47356192619466,288,463,326.2806451612903,271.6746518976354,1.8926412055105706,12.637319946457485,267,527,336.1172043010753,633.5675185480977,1.6146906715308798,10.227799722112511,214,520,312.51720430107525,1195.7677338333506,0.6186657675424493,3.0098839149596586,375,533,440.6731182795699,614.1879741194717,0.1041456611559635,0.4291107984233551,614,1048,767.2086021505377,4008.811120756508,0.6306295249220694,1.174090636419698,411,660,503.0849462365591,1251.1370174890333,0.6498325379269196,1.3662193143707233,681.0,6090_3_0
245,268,255.69354838709677,13.498020764609882,0.15771709897364375,-0.3721157411218625,219,257,237.5193548387097,53.33493176846418,0.1625051357655631,-0.760923601305858,292,355,321.5397849462366,124.44889984605946,0.27485985281132075,-0.4138004173254539,263,380,326.4032258064516,416.5401402826487,0.1791610192361351,-0.6014762236580324,225,382,297.0451612903226,976.6674953991459,0.11673303515042621,-0.8501587238477568,380,547,440.1709677419355,505.07622834126187,0.37487669794035533,1.334002763593106,643,1067,777.8709677419355,3709.9747213444916,0.727224621444346,1.385002810993682,430,678,508.210752688172,1177.3139854393091,0.7050418414034341,1.3852295510844792,682.0,6090_3_0
248,265,257.01075268817203,8.64574001412086,-0.2754235819723606,0.09002968625213414,220,257,240.8247311827957,37.60433927103951,-0.40131161662436166,-0.0987368678131344,292,356,329.06129032258065,93.44833848397516,-0.23470945084210237,0.4377798046689949,277,387,336.5505376344086,352.2347951896478,-0.32354539463530885,-0.44184679172480257,214,382,311.5376344086022,860.4899707165757,-0.40857994378114243,-0.5641317697687458,381,546,451.64516129032256,311.54672037223514,0.5339464655463756,1.606090068970743,655,1065,793.6698924731182,2900.031923562161,0.8410517763983285,1.23317236902645,443,677,517.2268817204301,887.2670914499346,0.7981301381003608,1.1764619194563668,683.0,6090_3_0
242,269,257.85591397849464,12.198807828975545,-0.5064833860555621,1.1270214396650156,207,264,242.20645161290324,55.14570644814056,-0.985822080595095,1.7053787903932678,251,381,331.73870967741937,198.64317163790412,-1.3493937868891954,4.058666095814364,228,411,338.71290322580643,564.0778742317442,-1.248721241527801,2.2996925503855863,174,384,313.3,1097.6677072120558,-1.0355411534949914,1.3214001288843322,318,580,457.21720430107524,618.6911999259233,-0.3306342864948879,4.433881417692214,571,1167,809.7989247311828,4953.558018218226,1.427396470577757,3.8719764302839756,356,737,526.9129032258064,1611.117271433036,1.3142233827229468,4.389273452657605,684.0,6090_3_0
245,307,256.6225806451613,19.74652939338171,3.5362477809254442,32.44808178868066,209,312,239.91075268817204,67.88761299582161,2.031190199198315,16.879729921056274,265,479,335.31075268817204,383.43508339409937,1.0716792392574814,6.590189349272453,238,579,335.1989247311828,684.4307846337258,1.8836645871532156,18.093033313062612,182,583,296.65913978494626,1040.9590390870053,1.630408903598261,13.738656671021229,351,602,475.2494623655914,1319.4016412606923,0.6733328957647705,0.2887095802858122,692,1154,853.1387096774193,6159.27998541616,0.598556004068663,-0.18377751891710492,451,714,551.2612903225806,2019.4117399909721,0.6035361907517864,-0.060300873533558175,685.0,6090_3_0
240,267,256.1559139784946,15.649507506047666,-1.4361453193876539,3.0414487623738404,204,261,238.34086021505377,69.71899602995475,-1.8695668012564706,4.352757360911162,229,389,322.76344086021504,386.49726263643413,-2.1491942261847417,7.002736367354707,209,407,328.46451612903223,792.6300635438731,-2.0789982653425194,5.435797000831409,174,399,299.6763440860215,1196.361226662963,-1.6483430634710197,3.6173939889488604,221,563,433.52150537634407,1652.936566084471,-2.2956921584860006,9.865104702525937,335,1092,756.5290322580645,8691.233278933298,-0.2092540572796762,4.468015783059673,218,686,493.18064516129033,3313.3300878502723,-0.6276829176872543,5.5400164427644185,686.0,6090_3_0
245,271,258.69247311827957,12.574862553097908,-0.17982351621512824,0.7053170794204777,214,265,243.40967741935484,47.8976457515886,-0.6208570648453784,1.901777448197671,252,382,333.9612903225806,218.1965623806382,-0.44703060477058065,3.7790381522380825,229,414,343.7043010752688,478.875869532507,-1.0500818535008443,3.9588368650390526,192,400,317.9720430107527,836.0465803210758,-0.895231058623496,2.2148540653138697,284,575,446.88602150537633,798.2517957799461,0.4895439314636845,5.2067553169719645,485,1040,763.9150537634408,4383.380289824878,1.0854996881253265,2.43270860948999,300,650,497.0451612903226,1578.973200458349,0.8125609674575597,2.5469659242239713,687.0,6090_3_0
243,282,261.1989247311828,14.062646851163814,0.10614396307517876,5.511601330190443,209,282,248.63225806451612,47.32425431438591,-0.8916378748102116,6.839238247761216,242,414,339.52150537634407,227.04205585842107,-0.9546982017174281,8.572857919473266,231,467,355.8311827956989,458.27394585460144,-0.6076278936862073,8.483226419608346,187,488,337.1978494623656,709.581911408961,-0.857193225816776,7.33940848055985,266,552,441.0010752688172,679.7405801127355,-0.6129477420073889,7.451625837915602,427,978,734.347311827957,2866.8491047142843,0.5750670923723088,4.531913459343094,291,625,478.1720430107527,1056.2717686956723,0.27912238367778114,4.587202166997938,688.0,6090_3_0
246,278,258.94408602150537,11.286428926930334,-0.4208668857533081,1.9364985497720495,215,262,243.25913978494623,43.60446427537993,-0.9435806110880137,1.6527753444170399,256,361,329.68709677419355,189.1237299906247,-1.572596667140535,5.138053341152938,233,396,339.1752688172043,437.1285588619975,-1.384541798667065,3.485591137112486,209,372,314.0860215053763,724.1066935194508,-1.1604813308685857,1.8865663690982277,270,505,431.7978494623656,574.4434829913076,-2.7413437483586205,14.991836135334996,442,950,727.5279569892473,2468.5121346806022,-0.8086449672437426,8.91392243227453,269,608,471.8311827956989,1019.6646885887241,-1.2742461850926277,10.42973709491569,689.0,6090_3_0
244,266,257.53655913978497,12.287682442677411,-0.4514643369792867,0.0013865310564349365,219,258,240.36129032258066,46.96082502864682,-0.516424582327061,-0.14357555241966713,292,359,326.1784946236559,117.32440246767827,-0.3270419177012055,-0.007522169660894029,272,371,331.6752688172043,386.46924777480695,-0.6369373949529037,-0.12584604914801067,218,364,304.2247311827957,865.0355556327187,-0.6552018570001182,-0.195325869333018,398,498,437.9494623655914,250.24825051795779,0.40408382744952537,0.09868596084099801,643,963,757.3860215053763,2442.868049816544,0.7242221586252026,0.5302019835148788,431,593,492.1204301075269,838.1383335069506,0.6023161016551546,0.21589237856898214,690.0,6090_3_0
237,276,256.3215053763441,18.171011724944158,-0.9504672899793735,2.5292991150169053,202,266,238.28924731182795,79.96037941132215,-1.1815772608467439,1.955992310085711,225,380,319.1548387096774,318.5012951838605,-2.282955362822359,7.671289253848805,204,438,325.8795698924731,896.2610461011377,-1.3752093748451806,2.8813274314522346,168,429,302.76666666666665,1705.283494797273,-0.9028507369642834,0.5264165102394678,222,528,426.63655913978494,1482.6923110756163,-2.293606776673024,8.974555908170286,372,1105,749.9569892473119,9388.822690602683,0.32636285366805956,2.9669439625929055,240,692,488.72795698924733,3420.4178397398055,-0.24196551458336654,3.6982773713216694,691.0,6090_3_0
243,264,255.38924731182794,11.48018565459449,-0.32685694482785377,0.2208614751342588,204,254,236.78387096774193,50.94462654953296,-0.6891304612929304,1.238981445464347,238,380,321.1655913978495,178.40312047872033,-1.3345450530319338,7.8138830652093265,215,377,323.35483870967744,527.947150942741,-0.8767770544461277,2.104200285677341,172,363,292.9548387096774,1026.6954824820307,-0.5782113165139792,0.5871919250243978,270,536,438.7505376344086,502.5275831336736,-1.8952513031106655,14.44252618393255,463,1092,778.1913978494624,3949.1969119298124,0.8653892182195598,3.599003708312149,331,682,505.60215053763443,1354.0288435941065,0.6865481866419074,3.7876850698904487,692.0,6090_3_0
243,261,251.01827956989248,10.920009954049332,0.45916799782722445,0.3210597811186404,213,250,226.7709677419355,45.08527032188617,0.6189234842662649,0.3755511441122348,268,381,310.1645161290323,235.09346505086984,0.17147292411321288,0.9802386014256683,242,389,294.5387096774194,540.3757873537276,0.25498679529571244,-0.22278605174935384,191,357,245.21827956989247,988.6702790606155,0.575828139758834,-0.3380543846410915,353,585,447.794623655914,950.4475491047142,0.0945592452139404,1.332183613113993,627,1133,854.1430107526882,5966.762087803974,0.15804594050239001,0.1925073168546505,408,702,548.2677419354839,2033.7204868224594,0.07368499536864842,0.2726802452614443,693.0,6090_3_0
242,259,250.26774193548388,7.587009965623809,0.0633764643001931,0.03584564349784225,206,243,225.25483870967741,30.06308205146012,0.1715243411537711,0.20804566815982994,237,349,306.652688172043,177.39377640427332,-0.30581442308207674,1.2349834890032776,216,342,290.1483870967742,417.2072363623737,-0.007609434121931494,-0.27000399690932797,176,316,240.24516129032259,760.1012951838605,0.5493795332183533,-0.27186685728092685,273,533,442.6548387096774,718.512597659641,-0.37565781813105487,2.890236356978252,541,1129,858.4387096774194,6092.024764748777,0.21418627821660793,0.5287468933116002,362,710,553.1623655913978,2016.7152667337984,0.11271547675254695,0.9790391837995509,694.0,6090_3_0
244,263,255.13655913978494,8.438812690255448,-0.3138213879879628,0.15674266180291463,214,249,235.4774193548387,33.38431195527622,-0.4954844072036803,0.294199307041906,276,351,320.68709677419355,105.35839091635125,-0.3938407527243903,0.48297748738307433,262,358,318.53655913978497,287.2112561778765,-0.6504664116184518,0.46198845622058515,200,343,283.98817204301076,566.8125617787655,-0.6397114682154899,0.35127950081060577,392,524,447.0086021505376,369.1344792064539,0.14108175777422205,0.10714246370767766,680,1030,800.1494623655914,2666.452340937764,0.6879795973521386,0.868474954619554,446,643,521.1645161290322,840.9556824889754,0.6608352558876006,0.8692738183252753,695.0,6090_3_0
242,295,252.65483870967742,18.66329733671308,3.076927644100538,21.23025240522137,211,311,231.46344086021506,59.247854670879775,2.2805148226749785,17.378059488893953,257,448,310.26559139784945,220.1522055163952,1.2806652339244398,10.813032166447025,231,481,310.2505376344086,507.82844427468547,0.8449830424586454,6.360556142049555,189,489,275.9161290322581,865.157651307337,0.5350511920988001,4.294212816403478,306,519,424.88817204301074,584.715145201801,-0.21070318872363283,1.7631736620984482,568,1011,758.9795698924731,2874.8488824843457,0.5933459777035588,1.368178683771129,373,636,497.210752688172,957.6476775813974,0.26658381055655733,1.4929308524352498,696.0,6090_3_0
238,278,248.91935483870967,12.112972672662247,1.7370496625382446,9.663658609449794,205,269,222.4021505376344,44.46888665115687,1.3510986235701639,5.199765032415494,239,367,294.7784946236559,215.0854358368925,0.27361294088700483,1.4392968384383389,213,382,277.2043010752688,508.6320589835295,0.8125440987898717,1.3778189512684103,170,367,229.45806451612904,780.6144935588042,1.1541432609869078,1.6626635481641072,280,506,408.03548387096777,889.3561130594813,-0.38524567942644505,1.536550470463573,479,1077,776.8440860215054,6419.281369723486,0.5111409764523085,1.0559800493892268,329,678,501.7548387096774,2212.221854925518,0.42268132986813184,1.2863638464080358,697.0,6090_3_0
241,270,248.53548387096774,5.52995590124657,1.1109753817099624,8.929964181991975,210,253,220.46559139784947,12.922926721992663,1.6588699792975723,13.126824948375361,246,347,291.7494623655914,83.46245934465317,-0.13678821614488715,3.122925658987593,224,368,267.9591397849462,140.8250240170376,1.132415270721286,10.35446957684249,174,318,215.8741935483871,168.56004375151917,1.1234038149793988,6.121565021958865,305,490,406.31827956989247,528.9664039260622,-0.5413005882091213,1.4466111951422507,582,1148,796.005376344086,4454.741628760257,0.8383611207163797,3.0099709754636335,379,716,510.1494623655914,1608.5126208085928,0.6215502936097561,3.0774110863981017,698.0,6090_3_0
242,297,249.65483870967742,22.691284419597903,3.9202903201086823,24.861764751171563,213,301,223.3752688172043,59.59745014294478,4.210543101226168,28.25079503981863,266,426,300.11075268817206,424.2492922207947,2.3489791445970467,7.395808884717386,246,468,278.81505376344086,508.8807203953841,3.035783148943113,15.380338385479913,189,475,226.13763440860214,547.6150514485457,4.393311162338756,32.23478094665361,346,656,422.0387096774194,2133.9145386992604,2.1081909677704327,6.248414069480056,619,1287,822.6903225806452,10448.592909476023,1.6472367599602784,3.4188708893878434,399,791,525.2795698924731,3609.6117457782098,1.540990462953478,3.15706435045505,699.0,6090_3_0
241,270,252.1230585424134,28.868809772884475,0.4913567476479512,-0.6451600466002629,210,264,229.0227001194743,105.6346515523086,0.5442439956553646,-0.596434112313279,259,464,333.5137395459976,2102.5300143483505,0.5748583628484679,-1.0471358914741016,233,410,302.6810035842294,1455.126588465298,0.5332281380714927,-0.7978239573235273,187,298,231.94862604540023,444.347836028651,0.3405254253151064,-0.1029452014585881,334,764,516.9462365591398,12248.285383546843,0.4328734806464935,-1.365525995597581,679,1469,1026.2712066905615,46414.24334459479,0.3029025267966694,-1.4315235773527992,439,906,643.6571087216248,15506.682524166396,0.3023121620063156,-1.4093658817352002,700.0,6090_3_0
240,264,256.5989247311828,10.888481081519034,-0.9828345547722309,2.859945853879716,203,258,239.54408602150536,48.211724944153154,-1.4837404824914096,4.52146854221231,233,391,325.9720430107527,211.803307985231,-2.354228336457439,12.202905686828064,210,387,332.13548387096773,497.7469634362305,-1.7277486841051786,5.667784067296852,167,372,303.81935483870967,979.1793881732004,-1.2122936083929505,2.762755477859944,235,574,440.09247311827954,837.1991897866825,-2.2751156553898535,15.435379403324074,391,1076,776.8290322580646,5534.131126080767,0.07918544527755658,4.9978961886682125,255,687,506.38924731182794,2100.171251316596,-0.19190699543073542,5.8982436947396835,701.0,6090_3_0
245,264,255.7279569892473,8.999109922798246,-0.005477430406589198,-0.07235143683038547,214,255,237.38494623655913,38.17458476567472,-0.4410163805713933,0.6097256022949797,277,393,327.5978494623656,211.25683067699111,0.391201388862904,1.632416635603131,251,390,327.59354838709675,362.964866835654,-0.6426536446823686,1.1766640254264438,203,356,290.48064516129034,629.7913365047399,-0.6045996971231304,0.4980437181791837,364,577,454.90860215053766,969.9776438996724,0.7758735845512685,1.119541748112657,662,1038,814.8387096774194,5681.797423521651,0.737258298494996,0.02150381838593507,424,664,527.3225806451613,1945.3619222889683,0.6762390510606375,0.06486066829363502,702.0,6090_3_0
243,269,255.26021505376343,13.116284130236005,0.185041002202616,0.32059474093300144,217,263,236.46451612903226,58.97667280113893,0.1616254269648124,0.0538620800220273,279,387,328.63548387096773,310.638782596618,0.4142666462624187,0.14558195237140437,254,400,325.3215053763441,585.1527124784425,-0.2020247995454353,0.019845547916198303,201,381,282.0279569892473,1000.2338784911514,-0.09764191450754474,-0.03559350412243889,374,617,463.23548387096776,1354.4622486891906,0.5747167899301134,0.5137975200504958,634,1281,845.9139784946236,8487.652441635704,0.531283067896456,1.0241022943653197,430,792,547.841935483871,2816.1719747213447,0.4686621087137591,0.8203987466386562,703.0,6090_3_0
245,264,253.9236559139785,8.933885435836892,0.1137497297732917,-0.07554322013643855,210,254,233.0989247311828,33.69095686192808,0.026569945937413516,0.5446222940799403,248,384,322.31075268817204,250.718183501742,0.4667841326455142,1.3407538655797646,223,386,316.0430107526882,417.25756681366255,-0.19138889420467167,0.90639548920843,178,342,270.98279569892475,576.5508339409934,-0.06498622315229265,0.33109182793603376,286,583,463.71827956989245,1268.9883630218642,0.2682111088548971,0.6362468354880346,562,1145,865.0741935483871,8071.625275183166,0.24826767994567253,-0.17606797383296469,413,722,559.4096774193548,2840.166752317789,0.26434148439353605,-0.30902007315075375,704.0,6090_3_0
240,266,251.5741935483871,17.05853675474843,0.17985291146387297,-0.031737073310945885,202,252,228.07204301075268,70.78382466983808,0.0392414110295227,0.05381617187872445,230,392,312.1268817204301,540.829954743799,0.018531409701436026,1.0548233055124072,201,380,297.8311827956989,903.6797585564312,-0.16697027778329057,0.09977888976843285,162,341,248.42795698924732,1078.4711228399135,0.06478278133373495,-0.3315340090913672,245,602,448.7236559139785,1965.43593064574,-0.22760141715373047,1.9222139181867846,528,1215,865.0741935483871,9459.433671308032,0.09249758844534132,0.18034562683816802,322,748,556.5236559139785,3455.92247531743,-0.028479711046986853,0.5776856730893756,705.0,6090_3_0
244,269,255.1204301075269,10.721756542472539,0.2832060408120364,1.5094005247082025,216,272,237.8559139784946,56.33013183328125,0.6481369541300478,1.4521346092498622,288,447,338.18817204301075,510.6674595182704,0.7749848092530612,1.818501487572341,271,440,332.3720430107527,594.3522853802795,0.6151539323664016,1.1141624917757378,212,366,280.7010752688172,495.51442295450073,0.3855318493976128,0.7023921822447816,349,655,483.5376344086022,1946.121832934014,0.264896336083717,1.2253595602373624,584,1192,875.4451612903226,8570.791930275356,0.13522864083397945,0.8299470033969456,388,779,565.7752688172043,2975.651271456185,0.20813843950816766,1.2058187203361408,706.0,6090_3_0
246,267,257.0505376344086,11.148142875331322,-0.06994358639592596,0.05332380524979197,216,262,239.46236559139786,45.598689769320686,0.06957388825399552,-0.002493241783247946,288,419,342.1215053763441,413.79469310276977,0.9057086163176163,0.8317327728247772,268,412,335.2913978494624,457.28098082109335,0.3271939405180405,0.28670849647983987,215,361,285.2784946236559,489.9514207669248,0.24516776842110022,0.49044758597815186,374,636,489.8376344086021,1662.3299061310001,0.8980069555057725,0.760265893101121,688,1167,879.4849462365592,6666.168233850713,0.624049650638333,0.14078472399282083,444,732,563.825806451613,2215.168762804264,0.6484532121509059,0.18136649675963978,707.0,6090_3_0
244,321,257.5236559139785,46.919246038635606,5.663263924733561,44.35758284645169,206,355,241.06451612903226,154.04965450189243,4.0538223526186465,30.54035983400805,244,532,334.7236559139785,585.8923353820155,2.6845228530576617,19.134205429517294,223,629,336.90860215053766,1190.627805363612,2.539908433815394,19.110543386206505,171,627,302.46559139784944,1873.8314304894843,1.9038689984445862,12.256757434497544,282,629,462.5978494623656,1427.4312117318889,0.27064546888790136,2.7478250853608692,513,1091,821.3139784946237,7152.80550945056,0.5839560700010711,0.2825075229451457,309,689,530.3440860215054,2315.9546743521187,0.43747329213624336,0.8450250812933104,708.0,6090_3_0
247,270,255.17096774193547,11.767294003264002,0.31396634358207154,0.61147975353476,216,257,236.34301075268817,50.41720082873248,0.06798029632383953,-0.2094987863903941,277,413,321.847311827957,232.51056865400417,1.4556717128498833,5.15256329483662,252,405,323.1548387096774,491.3775061634084,0.061834640909541654,0.348402443966096,199,372,289.2075268817204,992.6813211106867,-0.17962798393392726,-0.6110399882690474,384,629,448.9516129032258,1063.981509774645,1.4156103614431248,4.046716941664132,653,1117,811.8043010752688,6750.174793106242,0.720563780773557,0.18059574599194228,437,712,528.0182795698925,2067.3505804599695,0.7803508294907371,0.35959388871952136,709.0,6090_3_0
244,263,252.6,9.880731969860065,0.1503763658715395,-0.052940765898294107,214,253,231.69247311827957,38.239017558480036,0.24453548329328964,-0.11726568381614388,271,393,319.60537634408604,253.0400141208607,0.8150980502198876,2.178545667414655,244,377,312.7021505376344,415.88212669421387,-0.1447703275459822,0.29940335691591,199,360,266.77311827956987,725.4436253573621,0.2611055739055552,0.05739415683487614,360,596,455.78279569892476,1125.0399620357189,0.693836539147035,1.1791893148995038,636,1226,847.4279569892473,7834.878011968009,0.7850911391971207,1.1648380725018646,428,775,550.8903225806451,2731.1117469356573,0.760967067852387,0.9432412375010988,710.0,6090_3_0
244,263,253.05591397849463,11.544771230482539,0.16898693210834845,-0.2074174334400798,213,262,232.98817204301076,51.92343368403995,0.32261746147276954,0.14803077345501947,280,404,328.0032258064516,373.4585471717768,0.9412337160810228,1.231853640783604,252,396,316.4150537634409,611.7565008044262,0.17409391791460455,0.2600250350981881,193,376,266.78494623655916,932.2615600078707,0.5085583319805089,0.49288165482459245,396,637,482.4215053763441,1318.4766091415213,0.9887813879269016,0.8977552603229206,708,1290,915.8516129032258,10335.93059481232,0.47316229816426475,-0.29940735735960855,479,779,589.7408602150538,3512.058716159126,0.5573553438106693,-0.25808660001537786,711.0,6090_3_0
245,266,254.38709677419354,12.011458731205947,0.150304752849775,-0.1332553571617625,218,260,234.89032258064515,47.94274801208375,0.1351093045707882,-0.35748906182091655,292,381,322.2204301075269,128.5250934638934,0.6045652412620549,1.3021500712936636,264,383,320.8204301075269,427.98171348542195,0.04508267893926541,-0.5506753407382501,211,389,285.4129032258065,1124.27066217577,0.010786676196311693,-1.0155326206625257,390,593,457.2075268817204,922.4272845121936,0.7615320722482573,0.6013177320064456,650,1198,828.1451612903226,7949.951994860931,0.7838930411362072,0.3193863993113335,437,737,536.4935483870968,2405.0941456300566,0.8039641634926515,0.4144439681825345,712.0,6090_3_0
247,267,256.6236559139785,10.493304165653901,0.009749199590269089,-0.0895332109560516,218,263,239.38172043010752,45.80569348472748,0.0026426012887558626,-0.14216435184789677,286,398,334.40860215053766,292.5433059018253,0.749522362569035,1.1109968610668997,256,414,332.65698924731186,459.9220447469241,-0.04220838670470078,0.18887025952177883,209,399,291.9924731182796,869.2690498512679,-0.007223492740129396,-0.4678788994612968,365,644,472.81182795698925,1609.901044017732,1.0877869462608258,1.5008905440977252,665,1183,855.8376344086022,8423.854125721957,0.660909829418006,0.06631410406008342,445,747,550.3397849462366,2738.9630010301285,0.7639700298934953,0.40602355992876005,713.0,6090_3_0
247,274,256.51827956989246,10.351118673102079,0.4355813319063663,1.835198696247378,220,266,239.23978494623657,37.82941653066657,0.17459809322625522,0.5340535208286323,298,394,337.98172043010754,232.48513374306978,0.43902116241556854,0.22698006211622435,269,448,334.69247311827957,385.44892068011626,0.25889570778612425,1.237542391467258,214,404,289.2956989247312,641.5906165723347,0.19862947825187888,0.5133214711348728,403,603,480.3741935483871,995.9136497795063,0.4380997893396892,0.09102642044753217,673,1049,860.252688172043,5247.614228503306,0.2531779795026282,-0.503256068374764,460,674,552.4516129032259,1773.242543143859,0.34527579080964305,-0.38384675635728094,714.0,6090_3_0
245,270,257.3204301075269,10.017773765292777,-0.23712089100539996,0.3439005406448339,208,258,240.61935483870968,34.00350012153199,-0.6492995040252233,1.5748841462000867,255,383,331.6741935483871,182.28663148025973,-0.3799432126984263,3.3435438264870925,219,383,335.0763440860215,347.052292324965,-1.0855352484232146,3.1174492853170994,197,363,301.4204301075269,562.0652441635705,-0.893774197334754,1.6123269701865475,305,569,455.51075268817203,827.0101103047558,0.43654119622669446,2.696388431453788,538,1002,796.3559139784946,4356.115384793454,0.5550105667735177,0.44889109270036354,346,648,516.0989247311828,1565.686651156869,0.5041226694784364,0.41931853616289727,715.0,6090_3_0
245,271,260.0397849462366,9.058695325069156,-0.3735901621965308,1.7830578313937764,219,265,245.90860215053763,36.31779459934952,-0.4885561822281019,1.5926578065030768,272,371,334.68064516129033,127.4791728879475,-0.4381478992858644,2.6884663260270134,241,403,347.7935483870968,339.9121219486788,-0.7547828861040745,3.066691925841827,201,387,325.6795698924731,630.2997974466706,-0.8679513611541115,1.904989492348406,362,521,438.1505376344086,351.4993807655358,0.4921113963974808,0.7175502365926407,614,992,738.5354838709677,2687.592388624605,1.5530783197182383,3.113472986964582,384,641,479.5860215053763,979.8618065442085,1.4913743456411168,3.1417494763243523,716.0,6090_3_0
246,274,258.6666666666667,13.298887692859703,0.04439477492819878,0.683859628713932,220,267,243.69462365591397,48.19943285067768,-0.3283645903844243,0.5169841812784419,282,399,333.43440860215054,201.5139923839948,-0.0019369124599929496,1.2717486742537893,270,423,342.9290322580645,418.2597590194104,-0.45913625245584755,1.100126539621047,221,401,315.8043010752688,756.3190342257254,-0.5554378032543706,0.5263253945306818,376,591,447.13870967741934,590.6685752977534,1.2910271270811804,3.5168462490881405,651,1081,773.8849462365591,4020.825284442747,1.486071498341519,2.605019408677137,426,689,503.38709677419354,1387.3720615299142,1.417393759501808,2.5297254608369295,717.0,6090_3_0
244,266,256.51290322580644,9.410489947567623,-0.632457191663988,0.7149983678622571,209,254,239.51612903225808,38.01104205007118,-0.9759413753365894,1.4965062972422372,241,366,325.4956989247312,143.0747931062421,-1.4842569273153359,6.910162114030458,234,377,331.552688172043,430.33575702860054,-1.2356408419579255,2.439704564924182,173,363,305.3354838709677,905.6548213479635,-0.9720972309312902,0.8766236121203712,297,531,443.06559139784946,569.2669525562231,-0.7518208341695549,7.447732508401424,458,1089,786.905376344086,5191.8252670810325,0.8695853787756217,1.8274277210895855,299,683,513.3623655913979,1742.5585390696435,0.616351445005597,2.0860881323030753,718.0,6090_3_0
246,264,256.9032258064516,7.583735546373139,-0.3524132562838965,0.22671382435817744,216,256,240.58602150537635,30.19980439135618,-0.8164302900403957,0.9361309582370576,291,393,332.9451612903226,189.47922844543214,0.4169759324151192,1.9067516265483988,271,395,338.06451612903226,317.79992360845864,-0.7268031814085721,1.011500572271049,215,363,306.73118279569894,575.5100061344722,-0.8413836539290783,0.7765151608774508,381,582,459.26666666666665,743.6123430211697,1.0895497116009896,2.0546705291907603,660,1053,802.7161290322581,3981.9688461404917,1.099830305771758,1.419695280200302,444,666,520.2795698924731,1273.6461914186834,1.1064905877632327,1.5572858837666503,719.0,6090_3_0
241,263,254.7720430107527,11.482963528826232,-0.3837206644061316,0.5701625413781506,208,255,234.83010752688173,52.22083637163327,-0.49638097371568335,0.6712325984132246,244,397,321.46344086021503,304.26184821232215,-0.30951827616647204,3.610890404493105,219,398,318.3752688172043,592.2131659664109,-0.7909978288580358,1.6065487686288682,179,348,280.9021505376344,897.6814808384551,-0.6087708881173769,0.33393210827955633,263,612,451.18494623655914,1259.136909846407,-0.4430205018795014,5.680180298590869,474,1147,821.9204301075268,7554.331659664108,0.44175797151915464,1.7329595720045514,303,711,530.3118279569892,2632.486081692651,0.20818813815413403,2.411936012897442,720.0,6090_3_0
238,268,254.9763440860215,16.961764876095234,0.048723401804631326,0.3229304351386375,203,256,234.75698924731182,74.41666261560009,-0.25209090947102963,0.08598552944653104,238,375,320.56344086021505,311.292526360869,-0.7890546412702167,1.756109912616349,214,378,314.9021505376344,766.5318575876478,-0.574833220741986,0.28059095755061225,174,362,275.0516129032258,1335.394534532449,-0.2978474239141757,-0.45354883332523777,255,578,451.39032258064515,974.0423174415779,-0.6451185745815039,4.887400720575693,477,1155,832.3806451612903,6165.288753081704,0.5958698654723252,1.7849670236162876,300,709,537.1150537634409,2072.0545632371495,0.3701788260033505,2.460678754766781,721.0,6090_3_0
242,267,253.19354838709677,19.135803326504387,0.38633165610700976,-0.17669397661514985,207,252,229.60752688172042,74.88239753695152,0.2859572762769012,-0.4366031596134836,252,356,310.5032258064516,349.1781381297962,-0.38736002967687555,0.12022895037808423,222,365,295.21290322580643,807.956776276954,0.17358498069658465,-0.42136668600143645,179,350,248.66451612903225,1494.6709677419356,0.6759005712643814,-0.3919527147906976,300,580,450.44408602150537,1364.4430489484587,-0.5693404522703691,1.8876476654508307,630,1277,884.252688172043,11043.904863594802,0.4385669860071798,0.3406012164703047,399,821,566.3870967741935,3813.77464495295,0.41761710538079583,0.6372487216104621,722.0,6090_3_0
236,265,254.7311827956989,24.71775640357883,-0.8739636197086681,0.49281960379124445,201,251,234.69892473118279,108.11377709874188,-1.0550270857132145,0.5237643558201328,235,355,316.18172043010753,456.7129055407017,-1.6951543517439518,2.803977737395347,208,367,313.6311827956989,1139.2491880505108,-1.230169213015688,0.982427197263922,172,349,280.0032258064516,1734.110861488246,-0.8320582368848384,-0.13522169837863984,227,517,437.10430107526884,1370.2894325034433,-2.123047057531811,7.629606802975385,415,1123,799.2612903225806,9388.66254731067,0.07708320614089745,1.7455045307992476,266,715,519.1279569892473,3419.224728867901,-0.29473883296350195,2.698415861881463,723.0,6090_3_0
239,319,253.53333333333333,73.18995335486186,3.40056235805565,17.35580118922015,201,338,231.13763440860214,227.3890019329375,2.7749008454595385,13.299541339279472,236,500,309.8741935483871,799.6149414910241,1.9764214165097116,9.588285691586512,211,588,303.08924731182793,1812.507634524347,1.8786322249442142,7.75599959873124,167,570,264.0956989247312,2831.6474518791165,1.528765062469861,4.9356044152652885,244,601,428.06129032258065,2043.0888121115315,0.06940718701871142,2.170232455274122,456,1224,794.8204301075269,11173.912822204475,0.7806982862740548,1.8637016615469708,282,768,514.3559139784946,3880.7203363542717,0.43029201969798025,1.893648331596352,724.0,6090_3_0
241,256,247.80107526881721,4.9969848490109605,-0.011505966264981956,0.21906753972068982,207,235,219.0741935483871,11.175329004479327,-0.07640181972540618,0.731258367958636,254,327,290.3795698924731,107.49301596120237,-0.30261055980302576,0.6252015150865078,229,316,263.55806451612904,130.50093058786763,0.08308115098321325,0.8321817691786464,181,284,208.95483870967743,135.35425535608874,0.7885015827125565,2.1123702769824044,295,502,414.5752688172043,979.5599905089297,-0.5998594970107557,1.4401312520608789,500,1070,832.6956989247312,8017.217311943702,-0.24090477631261356,0.7197034041661028,315,671,530.6935483870968,2918.5529185041146,-0.3538343835705306,1.114173309272382,725.0,6090_3_0
242,268,249.51397849462364,18.293130548514416,1.7061212714417395,3.0300342869303343,207,261,223.9516129032258,74.70486822459112,2.0600553191332356,4.021471010648779,252,453,309.9043010752688,1361.9703797585566,2.005416503498228,3.2552402215366243,234,409,284.4591397849462,1022.5693727791473,1.9097311148973872,3.140985949836243,184,296,224.4774193548387,343.20562519531927,1.3461351706903433,2.268386571644407,320,742,447.78172043010755,7073.100849566536,1.7952878330515334,2.306849043916168,625,1403,874.7387096774194,25016.34392513629,1.5550530210458422,1.5896900696457044,398,874,552.747311827957,8243.136295241733,1.5759972851826243,1.784742327353591,726.0,6090_3_0
242,268,253.89247311827958,24.04439968980404,0.030388777208062295,-0.6795635917054552,210,260,231.90430107526882,91.28792550667268,0.0574572436256514,-0.9021222224975332,263,448,351.9462365591398,1707.3211106867136,-0.2109489157497488,-0.9781310894132997,239,407,317.26559139784945,1211.3018287672026,-0.1077861770674428,-0.8496261245042551,192,302,237.3,358.23390742734125,0.07592763477816392,-0.15275004513681845,324,728,562.0440860215053,8961.312370799913,-0.4981238275646827,-0.7962993475936391,554,1433,1096.6129032258063,36478.27841244487,-0.643233857798405,-0.5037192539566684,386,884,683.7913978494623,12842.012412468026,-0.714567566711808,-0.403322945560987,727.0,6090_3_0
238,266,254.1720430107527,19.826825127334466,-0.519180161158675,0.07471607324838159,204,248,231.1242532855436,73.14482973481275,-0.6421254866802578,-0.11080161910627062,233,410,344.8936678614098,1476.568823492423,-0.5538562401023946,-0.6590094957328869,210,374,309.741935483871,1012.2538972063589,-0.6814436526800598,-0.29335202075572653,169,336,233.10394265232975,502.4688480732624,0.6174183238789892,2.9985191075745634,271,699,560.9856630824373,8501.908885116014,-0.7218618792546562,-0.30362977866256413,504,1427,1133.9235364396654,35305.443907095854,-0.8593687238050775,0.10093706561259808,319,867,707.2150537634409,11761.63551473993,-0.9685204335564789,0.44848182401238645,728.0,6090_3_0
244,268,255.31720430107526,14.184526083081588,-0.4778881611352581,0.3260338817141686,216,264,237.46666666666667,61.1146035163258,-0.6039386802568026,0.27683399211346993,282,373,321.63655913978494,220.69231107561603,-0.3734251648372666,0.12593993883683519,238,384,326.31720430107526,628.7614905610149,-0.9111931766487149,0.32438783244654923,196,387,297.7537634408602,1232.6335972313857,-0.8792127919966696,0.168270054417492,359,580,441.1537634408602,568.0269233885434,0.677094205772543,3.2835266459044945,640,1176,790.7451612903226,5471.406462029932,1.386256948208863,2.6872212611015165,432,733,515.3569892473118,1757.1705915714665,1.3489090546319682,2.939977745166881,729.0,6090_3_0
247,267,255.28172043010753,8.374800050927695,0.20644604791242893,0.5031641671758744,217,254,236.9956989247312,28.787925506672686,-0.44815717484186046,0.9632800069554759,276,357,322.9623655913978,120.29675220204406,-0.38122815331243204,1.4489864014349054,255,370,327.2236559139785,278.99836336909846,-0.713265688865337,1.1400270345230155,207,351,296.205376344086,575.9416287602579,-0.7488713937332807,0.9800502364302304,375,531,445.47741935483873,580.8353345602277,0.4483666635390741,0.5789922034833017,657,1070,792.6774193548387,4346.647175249141,0.8395515788730166,0.9701527045886746,433,659,514.9462365591398,1465.512714561848,0.7404760946507226,0.8607342955772914,730.0,6090_3_0
240,265,253.4258064516129,10.165102954963714,-0.25232549742172117,0.7444348865074621,204,251,233.45806451612904,38.30232994201187,-0.2959797861699355,0.8049086372826029,251,379,322.64408602150536,222.47060546083776,0.06087860388678375,0.79114872326039,226,373,319.51182795698924,444.85723346875466,-0.32977059330129777,0.3195228035653419,178,360,277.5849462365591,712.6068775536187,0.038235486141048845,0.25060654560061923,364,571,459.4215053763441,817.4432399273123,0.5187321377147759,0.5132052643851419,657,1185,840.4688172043011,5015.091061032212,0.7935157886477081,1.3683720893019764,419,719,543.8612903225807,1746.0248723914024,0.6725074515215621,0.8112455011382425,731.0,6090_3_0
242,268,254.3709677419355,12.151793465050872,0.04296635660968599,0.2614492557800743,214,265,235.2698924731183,57.88294616711228,0.5751739726630974,1.2352375096234782,267,410,329.2795698924731,469.97127215065336,0.8245424389271747,1.0610943413957399,242,438,324.5,717.802475780409,0.42694686002187837,1.158484671366785,191,361,277.38924731182794,632.1411113811823,-0.2710073322772857,0.7622852492580834,374,615,471.21505376344084,1601.8955750778384,0.8451936263505556,0.40487476823930946,689,1175,869.2903225806451,7014.9662141046565,0.472001563939827,-0.3445606035909434,462,726,562.4387096774194,2684.4531824021665,0.5156311377697319,-0.33295803958920445,732.0,6090_3_0
242,264,251.99247311827958,10.730836718867552,0.29364263744520797,0.7811876823867756,211,256,229.43440860215054,44.20936375105617,0.3497128903133175,0.2872396038130254,266,399,321.43118279569893,397.07007072004814,0.5717062704645073,0.5664631794133146,247,403,306.9193548387097,706.9784193895621,0.4284414605452265,0.030533591429513063,189,336,251.2247311827957,775.6921756542473,0.26640645544554603,-0.5220555543731082,347,594,465.89032258064515,1504.5476995729018,0.10666115364286889,0.016161420796743986,594,1150,880.8752688172043,8216.819732166627,-0.04899645670091735,-0.20072131282200134,393,733,567.0376344086021,2863.2676886928944,-0.07647840406327215,-0.03340004774033156,733.0,6090_3_0
237,263,253.4225806451613,14.366981492412933,-0.34510878048738947,0.7187294607564589,203,256,232.20322580645163,68.57114135907497,-0.33518437457139294,0.5226134614775813,234,398,322.4741935483871,499.10213201847284,-0.08330959435991127,1.2214106158285052,205,385,311.0741935483871,796.1398069377409,-0.5299013330303652,0.8199672509459317,167,354,261.458064516129,967.7985624500851,-0.4462585693484256,-0.021558088210217097,267,586,458.51827956989246,1905.778459900228,-0.28476493891294274,1.6916412050632363,491,1131,857.0086021505376,10008.068817204301,0.06821160632179918,-0.09212645012915388,335,738,552.0311827956989,3479.2143118395315,0.07205498583640478,0.3587835948558866,734.0,6090_3_0
246,309,255.82043010752687,25.11841962105165,4.356327732169481,30.554000018628876,208,316,236.41935483870967,73.0424667523178,3.6203625310255867,25.027105723357128,248,469,328.047311827957,279.14953528479,1.7012847626159755,13.34509423792407,235,561,322.44086021505376,554.0400939847449,2.8137597463445094,20.236425912439575,189,530,280.3225806451613,854.8107920413903,2.7306745569593938,16.98671464412869,276,587,464.89354838709676,820.0887634987326,-0.44188964143141873,5.29455405173988,475,1079,844.6913978494624,4638.381519034227,-0.1266234222057352,2.4251547429802534,316,684,542.6010752688172,1560.0807308124126,-0.17862229338774416,2.866721028842557,735.0,6090_3_0
245,281,256.6161290322581,10.7060904892531,0.32489557596621144,4.0962376308060415,213,288,240.50537634408602,45.905783765640024,-0.2667038651375392,3.7037040162110877,255,411,331.047311827957,223.8083081588481,-0.31335335473279397,5.798859431158675,229,404,337.4032258064516,453.03960206951626,-1.0523965278162162,3.5366107477284565,186,421,308.35806451612905,983.4012535157472,-0.6305747940421769,0.9025968186460593,319,636,450.2537634408602,1001.2530805467783,0.6461307791302263,4.539765099149922,544,1153,782.5032258064516,5011.877815201917,0.9921095462539145,2.254455813712812,343,732,508.30645161290323,1640.9727247473868,0.8084810817288159,2.6419199052327933,736.0,6090_3_0
245,271,256.8827956989247,13.304870539486329,0.004716121788381,0.2187719886735846,221,261,239.5043010752688,52.093092352743724,-0.1557551919350581,-0.24095597649104894,294,361,327.494623655914,142.83366320589835,0.021374797074160585,-0.23148400990504658,270,393,331.2483870967742,440.28161741727143,-0.12197387304453902,-0.3365288428443822,222,388,301.05806451612904,994.9245043230668,-0.24203397824673858,-0.43798511410995244,395,578,452.5516129032258,721.9612729608668,0.8937798371980367,1.3049131099092088,663,1147,802.6806451612903,6211.978634674816,1.1676233518642911,1.4709108355251974,443,731,521.2569892473118,2074.018923110756,1.1756183889533511,1.4156512208055707,737.0,6090_3_0
240,263,252.36129032258066,13.684183478593006,0.25406321199352,-0.1615370716968405,204,252,231.1021505376344,53.42012454136139,0.2938039610336785,0.06971101712311567,239,381,322.43978494623656,237.89787724110792,-0.12418168687803448,4.065040905645776,211,376,311.80645161290323,463.0669120455571,-0.24040813255708732,1.2606758182425395,168,359,262.63440860215053,1020.1223885088604,0.46755659869961946,-0.3302151083529248,268,586,460.2,1167.057911733046,0.03741335957644184,4.707753158896914,439,1178,857.9430107526882,8778.701807933145,0.34526498191135774,0.46970363543514937,318,725,552.4129032258064,2891.069370464252,0.3143818681411274,0.8644354302619925,738.0,6090_3_0
242,267,251.05376344086022,8.429829739458544,0.7867316525836963,2.6091848452057143,206,266,228.48709677419356,31.980995867912082,0.9815947026441254,5.889273411317006,237,427,320.5021505376344,316.9650115166036,1.0690049804831736,5.8951100829010095,222,406,307.48494623655915,403.06597335555625,0.061586849975722335,3.2805899451372333,165,323,252.7279569892473,462.1638031413128,-0.18589519461620807,0.2799766947247546,272,638,462.8731182795699,1464.5307082421841,0.4126600990671542,3.1575442039499357,488,1197,868.9784946236559,8544.576501498894,0.26431749269350363,0.40761143547841083,315,763,560.0709677419355,2990.6881766728015,0.22784169936627596,0.9572297071262827,739.0,6090_3_0
242,266,252.55268817204302,12.103248955403544,0.37512169028765363,0.20080779999624898,210,256,230.94193548387096,48.05475190110767,0.3706657487159669,0.3019689663555778,261,406,322.5408602150538,304.1603307985231,0.7844980784392315,2.2883586256908037,243,400,312.5247311827957,543.0354479900922,0.2595965440659828,0.589410278292037,192,364,263.14623655913977,849.1884949708901,0.3562092691471444,-0.08821595610351896,355,630,466.36451612903227,1385.5860377096428,0.7055290472631236,1.318256953957924,644,1260,876.8806451612903,9042.389398937463,0.5465987999446837,0.07334401534080381,422,801,565.6311827956989,3045.234118082804,0.6183465824568795,0.26132010963160024,740.0,6090_3_0
244,271,254.41827956989246,14.194068081067629,0.5507515877729899,0.8539058474638077,207,272,234.78817204301075,69.04334756993877,0.935474098126853,2.17206583089728,252,453,335.5752688172043,629.7989571397155,0.9442356128652085,2.615286935088842,225,457,324.36451612903227,835.2415813049064,1.0816445722744108,2.969497517858705,185,377,267.55698924731183,701.7131104089262,0.8154061049338153,1.7611456663981118,284,672,495.7537634408602,2416.997429308888,-0.0006644509609461406,1.7258149794248512,467,1249,933.2032258064517,11314.54100142366,-0.4602547533827596,0.7031941388869822,301,813,598.3548387096774,4411.126914128963,-0.3899028757036283,0.9095729489488047,741.0,6090_3_0
246,266,255.67096774193547,10.595604014028268,0.2607896608041082,-0.09318626482820447,220,261,236.70645161290324,42.084888364179314,0.10208039221839106,-0.10575253899451065,290,401,335.01720430107525,327.7822655879255,0.681307869528798,0.5921373034023634,257,395,326.3451612903226,434.25856106114793,0.09022006964280901,0.03750574914891702,215,364,275.89677419354837,592.3424007778048,0.3477409186303864,0.3764256735562106,401,614,491.952688172043,1275.2873178466846,0.5536884775433519,0.1658716797110622,665,1123,915.5537634408602,7089.015943840643,0.0008783444833120519,-0.5559909420766669,433,715,586.4817204301075,2424.90009606815,0.1184523659096296,-0.4500180365043329,742.0,6090_3_0
240,265,254.99462365591398,16.60384619836337,-0.7465538116779018,1.101907266516032,200,264,235.61290322580646,83.25796034584533,-0.9329294468808097,1.466888254354913,226,413,327.9301075268817,687.6990925610843,-0.8430538295358498,2.2913309637753914,200,411,321.9505376344086,1009.8899082144056,-1.0720708579351341,1.8138833779084171,167,358,276.39247311827955,1261.4119992592332,-0.7319620865339911,0.5818123216016629,224,613,470.56559139784946,3451.7163605217775,-0.955132747805791,2.8416067484493146,367,1142,875.8559139784946,16582.838205030268,-0.6722948287015789,1.2438212215771847,227,731,564.341935483871,6281.8721900065975,-0.7800621692718708,1.911169483394981,743.0,6090_3_0
244,265,254.69892473118279,14.258018218225168,-0.013138238183183862,-0.3739307265025946,212,254,234.94301075268817,58.74917068879707,0.0627456872180142,-0.46073588500990237,268,376,322.28279569892476,247.12015579244652,0.32889179721338885,0.5846716872654136,253,383,318.2774193548387,619.6516962394527,-0.014784011427636988,-0.14504107055769389,197,361,276.86559139784947,1107.4792238156417,-0.03619599613523605,-0.6463338138424288,357,588,455.8688172043011,1041.5522020440524,0.8126399460622384,0.6445672095213886,649,1236,842.4032258064516,9705.183843189001,0.7084626189057734,-0.043501564547963945,440,757,543.8408602150538,3428.81210690186,0.7105459208543171,-0.012889617509625584,744.0,6090_3_0
238,266,253.9225806451613,11.660307649571168,0.018402852806855184,0.4185526202949448,202,258,234.00967741935483,50.62315705406438,-0.21882677176651985,1.0476795197436157,236,404,319.38709677419354,263.9985416160283,0.1506136103338499,4.647119713141797,211,400,317.247311827957,484.73102075303535,-0.37921956266586737,2.2470422966051045,164,348,279.3365591397849,812.6347222704492,-0.4838017389395583,0.32986925864472827,260,596,445.2924731182796,1013.384765674734,-0.18600171574744634,5.089281699758676,479,1076,808.6322580645161,6390.7903468870445,0.21826375742656137,0.6078742734134139,301,664,524.9268817204301,2203.831031170064,0.039664287453634296,1.2612262789057365,745.0,6090_3_0
247,268,256.0311827956989,8.844021204439969,-0.13274151718776023,0.25280392306232224,217,256,238.50537634408602,36.228711645080274,-0.49024263008586666,0.38281836143880366,282,398,325.18064516129033,118.17831174693566,0.4436392826971251,4.684799507269213,258,394,328.6537634408602,357.8046413648622,-0.6050966789224597,0.6190864048086775,202,369,299.5451612903226,799.0770755929026,-0.4055282498239852,-0.05556461295650861,359,601,445.4709677419355,525.7478106878712,1.3532958272362763,5.9643727509929985,646,1096,789.5215053763441,4241.334843802447,0.9701099233579765,1.7221042810121583,435,682,514.0817204301076,1405.0589765848354,0.9696181059085626,1.6479641497936806,746.0,6090_3_0
246,268,256.38602150537633,10.049965855295902,0.10828608992956608,0.14167633981212235,216,257,238.83655913978495,40.580362744076766,-0.26601922459001415,-0.005172080960850423,275,376,326.4698924731183,137.95226801856546,0.10251879828296266,1.6449216555250352,255,399,331.3688172043011,443.216895262567,-0.18897856126529947,0.133265371714399,187,386,302.52043010752686,1054.5103464240656,0.0018989258756881846,-0.36497175246126856,394,530,447.72688172043013,567.3074574348648,0.3851979711576479,-0.11658018328265873,647,1032,788.6903225806452,4483.176332511545,0.38540818696022605,-0.11217352835324457,427,642,512.1860215053763,1422.071924951098,0.3399363252739673,-0.18775409077068428,747.0,6090_3_0
243,264,253.92688172043012,9.378932138847414,-0.10185449350425547,0.22039320075151103,210,253,232.8516129032258,40.976881141706315,-0.02707755624418435,0.04664508961551128,261,358,320.5430107526882,128.07834184057316,-0.3624201000291685,1.5572545761291128,234,374,312.28494623655916,410.8110756160515,-0.2644135006182073,0.1296750030791083,190,355,269.4193548387097,813.5828327372477,-0.09397700476849521,-0.32138500406484427,402,534,463.1247311827957,491.51725638621707,0.42700752319502566,0.27033300255115034,712,1138,858.0129032258064,6192.5789506580095,0.9942239672798505,0.5926455148618444,467,706,551.3354838709678,2039.3857147817632,1.0184814973082494,0.6174315172463118,748.0,6090_3_0
243,266,258.60537634408604,12.288668588029676,-0.7680508121163208,1.006653532802642,214,260,241.8978494623656,48.457799460629424,-1.1030961414241736,1.6408613964750804,253,360,330.2204301075269,193.47450142944783,-1.9344114722596868,6.5403761916734116,236,387,333.93655913978495,449.48466844913594,-1.539440508318523,3.5953221901459846,201,379,303.5086021505376,782.532218711298,-1.192885015179562,1.791452954377192,281,551,448.98817204301076,698.7910332534695,-1.89330722279854,11.088248001853223,478,1069,792.2451612903226,3668.432834473419,0.08370332590007026,4.612742002055794,297,677,516.5505376344086,1267.384418440455,-0.432606108662143,6.589701067827987,749.0,6090_3_0
245,269,258.6795698924731,12.181390557542509,-0.5241468988192078,0.6937176786704682,217,255,241.98709677419356,42.591867773186564,-1.1348742707568575,1.681213867858724,294,351,327.5451612903226,79.88870099656239,-0.7317489110158992,1.2281907044615625,270,368,334.09139784946234,322.6256525110826,-1.1282214841467804,1.369062082582408,207,354,308.6494623655914,819.5282289894325,-1.1469507263353522,1.1950083409064165,394,524,440.4967741935484,598.011292058752,1.119809730660497,1.2035614566244774,655,1096,767.9043010752688,5686.919787724111,1.4825072750051196,2.157577097077179,432,700,502.8752688172043,1857.1684942764216,1.4425555605112284,2.1433912394328436,750.0,6090_3_0
249,267,258.28172043010755,7.468449135965369,-0.3001815483981348,0.3378413107079066,219,255,241.91290322580645,23.048380152088612,-0.9358473287017657,1.9106639321126746,284,351,327.9494623655914,69.55072629836684,-0.9509250125321392,2.8079083264011473,271,369,335.4258064516129,209.5020243758464,-1.287297567203293,2.6786077711045877,215,359,310.9956989247312,420.6307672720117,-1.3509764766820747,2.4976681942321273,364,515,436.76021505376343,290.22338854358367,0.2560776421512111,1.2632256029361093,615,960,757.6215053763441,2142.601474588238,0.9441601668599215,1.6208442667137488,423,612,496.1172043010753,705.3371633274304,0.9356606223505965,1.6624719370822802,751.0,6090_3_0
240,266,254.2494623655914,19.560952347882452,-0.5096629894560698,0.22603174197296738,206,252,232.80752688172043,76.88756438302256,-0.5725955473299087,0.05825180901584348,239,373,316.47741935483873,423.4316747109275,-1.3472519390623647,1.8094671749428022,215,369,308.4290322580645,896.0966804402931,-0.8215495090256346,0.22233098961890363,175,352,267.6494623655914,1376.070747826892,-0.31279721765091845,-0.5951468326930791,250,561,450.01075268817203,1753.0633934048637,-1.4795252552251361,4.56785560211043,459,1233,847.6817204301075,11008.176307047699,-0.08152124707078687,1.7561732121985028,269,766,546.5430107526881,3951.124628169959,-0.37534188464453555,2.437694929166769,752.0,6090_3_0
241,266,251.90752688172043,16.90209613759737,0.21098622844763512,-0.41459004743870187,204,249,227.78602150537634,79.98968598446704,0.05599168323914786,-0.7728991780894474,243,397,308.90967741935486,434.37719365255737,0.271982352522142,0.45718363822414254,217,372,293.458064516129,861.9169693392131,0.1149321711350767,-0.8659048849867923,171,351,245.3741935483871,1381.3366853015732,0.32649399419541736,-1.0054011416980317,291,661,439.4021505376344,2028.087831753417,1.1426492255220189,4.171676547480101,504,1342,840.305376344086,12995.357667511602,1.480547038791173,3.7922855410763763,319,858,537.4903225806452,4343.567721101426,1.4085645812605712,4.306726761272554,753.0,6090_3_0
238,269,253.21397849462366,29.206047663692022,0.12035758910011604,-0.314235129676363,200,260,230.48279569892472,122.4006724770536,0.06658735272961935,-0.446105273700073,230,454,342.36451612903227,2051.0822702177156,0.04078647621818016,-0.8628998306439168,203,402,308.9505376344086,1564.2558931444378,-0.07243794118577032,-0.6734011549127357,160,320,234.30430107526882,781.6005196939709,0.3204082375483131,-0.053459417808389365,235,748,541.8225806451613,10193.896367929443,-0.14107347033590703,-1.013762386904373,447,1456,1079.541935483871,38167.52299732629,-0.2869635759961999,-0.8550262817307659,309,900,675.8344086021506,12851.716360521776,-0.3276964535144615,-0.6895119512786549,754.0,6090_3_0
240,267,254.01720430107528,19.827475491047142,-0.009060044169969791,-0.593364044645555,211,255,232.66989247311827,78.29241871824253,-0.1358591710553638,-0.9066640060772548,270,433,322.6763440860215,825.685230968668,1.3964174872458368,2.164866176437429,240,391,309.93870967741935,902.3353137261712,-0.11768378324943601,-0.85381393991103,182,353,262.89354838709676,1537.5074933157402,0.051144037497711826,-1.2602289223543879,368,710,467.8806451612903,4944.352800444461,1.8241999686468517,2.541738468541552,645,1387,885.7408602150538,29355.298759216177,1.0755082915347283,0.2729337471098283,430,857,567.6591397849462,9667.630729076242,1.010919796281266,0.10738521746009999,755.0,6090_3_0
248,270,259.06451612903226,12.49822503472758,0.12887181273354864,-0.08243653951870122,217,260,243.05256869772998,44.167089685765404,-0.2599767175356879,0.5345900263805277,284,367,329.27598566308245,122.43211400936359,-0.11131372459697085,1.0037288341826258,261,425,338.2497013142174,357.69953639393367,-0.4849193584581732,1.8616900894881185,203,395,311.9952210274791,693.284666129318,-0.6443897402293195,1.5327490323348396,394,529,433.115890083632,400.62889792091835,1.0000938629660496,1.7519561933390575,636,1078,740.9820788530466,3400.5319750990375,1.6311675394339493,4.200374098806312,412,657,481.2879330943847,1261.040201105566,1.3100149017472698,2.526379549313008,756.0,6090_3_0
245,262,254.4848484848485,9.514967302201343,-0.3948481668283941,-0.21367739912776162,216,251,235.5787878787879,45.885870866721945,-0.6728622005247525,0.08096904026312934,287,366,321.1909090909091,182.84794142028184,-0.08458435189678157,0.6494627198798639,260,371,322.75757575757575,533.0839089988027,-0.9221551793815345,0.29445465689994155,201,350,291.08484848484846,983.0991618310768,-0.958723023517559,0.1584671856341986,389,528,449.3212121212121,414.70501980289214,1.142105030608301,1.997703498753908,708,1070,810.1212121212121,4658.75729943815,1.1333983310392206,0.7046008367042202,458,665,525.6030303030303,1398.8601731601732,1.1026287178056176,0.7002540557831942,757.0,6090_3_0
246,263,255.27878787878788,8.584655061250809,0.0032271123131083876,0.04961577338737966,219,254,236.93636363636364,23.634235976789174,-0.43462327268455736,1.290982982535879,289,352,322.2939393939394,89.40573823339781,-0.06458493251466439,1.1932161019789547,262,371,329.3515151515152,196.0158791563047,-0.9180896859509073,3.367934972932085,208,361,300.1939393939394,408.89236437321546,-0.685601421193841,2.6416880380636076,389,486,437.3242424242424,492.20761720548956,0.23380535968988123,-0.7591919246251875,664,1010,767.9060606060606,3378.7115133093857,0.669630604671268,0.5975547051760595,433,629,502.8363636363636,1290.4716219950262,0.6317879205644534,0.1405861815503151,758.0,6090_3_0
246,262,253.6,6.2650455927051665,-0.017750597920525326,0.2076492701935191,219,247,234.70606060606062,20.791756470479875,-0.4360575343550019,0.5827059876656406,287,358,324.0939393939394,109.58689324859535,-0.08892526596118343,0.8947120411957803,267,358,324.1787878787879,209.3569954867827,-0.9144487185475818,1.513179353339428,223,327,286.26969696969695,404.9635166252187,-0.5740595303861583,0.2718043830217556,361,532,445.5212121212121,595.6545638758404,0.6195972273138753,1.2270745436465855,651,989,794.2545454545455,3507.0717877866814,0.6686740185480902,0.36633563556218895,420,629,517.3454545454546,1114.1173804918485,0.5586489581910757,0.413574927576704,759.0,6090_3_0
241,262,252.8939393939394,7.4081698443400565,-0.2042812087134701,1.4576325317672474,217,254,232.95757575757577,22.910048816431797,0.2114593792197273,2.022176796292439,262,379,321.74848484848485,207.4471861471862,0.6703923678658836,2.837403943490818,250,383,316.8787878787879,317.96702588191954,0.07905414979398401,2.865703926427341,199,329,274.0151515151515,407.9420189739339,-0.6048046102976615,0.876867031961607,336,561,453.6393939393939,1105.7935801786866,0.2467632992976604,0.32254059764638177,633,1029,827.5272727272727,5507.544846642719,0.06743371121569242,-0.6144101632529035,414,663,534.5060606060606,1744.2628810905403,0.07665673144824699,-0.30979922654831027,760.0,6090_3_0
241,264,254.97272727272727,15.996214423873997,-0.7133597191473288,0.6624266600751287,206,254,236.11212121212122,75.33997421018698,-0.8310804877246113,0.7701724620391226,253,413,345.4787878787879,910.8764483743207,-0.37400145911797383,-0.029250004474057345,218,392,327.91212121212124,1027.4542599244728,-0.8188460747849726,0.8119733229665109,176,316,264.77878787878785,761.8019802892143,-0.944365954257166,0.7321751905763536,297,629,515.8484848484849,3465.764207423782,-0.5875480341856559,0.3078840270993868,537,1226,969.5030303030303,12863.24163212674,-0.8709068979804034,0.35083820460651305,348,750,611.5909090909091,4294.0783365570605,-0.9193368612818368,0.6763986228723455,761.0,6090_3_0
240,267,255.26363636363635,18.00019342359768,-0.45133969847885913,0.6616443813220503,206,257,235.3272727272727,80.93815971262781,-0.7393885766652284,0.7549907038012917,251,423,333.3151515151515,849.0493138067607,0.13358460046100004,0.8628025987785928,217,391,320.1969696969697,1031.4352491480151,-0.8992865506346482,1.1298560899840409,167,334,268.53636363636366,1176.3527770102241,-0.68104192127356,-0.03282806455931464,283,672,481.3575757575758,4038.522206871143,-0.04369379444181793,0.9345835622563485,544,1295,906.3424242424243,19798.32311872525,0.2226422721327845,-0.04849693382614584,325,814,577.7454545454545,7017.515556783642,0.13514147646704996,0.1959393977494388,762.0,6090_3_0
240,285,255.06666666666666,14.834447821681863,1.7617124406612918,13.348851672675078,206,270,235.73939393939395,40.26014552823064,-0.35616766687580637,5.163862140084298,240,387,328.42121212121214,313.3569954867827,-0.6267477514484386,5.040994394715932,213,427,322.55757575757576,497.57874182555025,-0.6983923452469022,4.524519415840382,177,372,278.58484848484846,641.5444505848762,-0.5040403371066113,1.8171243322561175,237,593,468.6878787878788,1503.6925577968132,-1.1618810500571173,7.99343715527815,421,1126,861.2454545454545,7814.264796905222,-0.20473133786972622,4.155025604439287,259,719,552.9545454545455,2921.326195081514,-0.7888074997549309,6.568872684975597,763.0,6090_3_0
249,298,257.04848484848486,17.523477940499216,3.7216451951968366,29.499197688640365,221,289,241.66666666666666,52.52077001013172,1.1005954472426502,7.441563302564459,277,407,330.43030303030304,175.66837984710324,0.3366897514845183,5.090235948937808,256,470,339.5939393939394,616.2601455282306,-0.22550200559017092,3.4693426074342497,197,432,317.4,1279.796960486322,-0.6458456363228088,1.0110584672373601,399,527,445.8606060606061,483.4455558625772,0.4516816491502748,0.21852229592424433,649,1134,785.5121212121212,7642.007451413833,1.7206089668332747,3.619653773492108,440,721,512.769696969697,2479.746191397255,1.6252079123953938,3.4190905343142077,764.0,6090_3_0
246,271,255.84848484848484,8.560560007368519,0.6331296019565973,4.4669992703367845,216,257,239.1727272727273,32.55062171870682,-0.5162074789303136,1.6256394767685585,285,356,325.03939393939396,104.70665008750117,-0.5063080107985074,2.3939302526767303,262,381,330.4909090909091,332.37833655705987,-0.9854097443542436,1.7685559159976094,207,361,304.2969696969697,734.1972552270424,-0.9185910485906668,1.0359162103350785,384,498,439.1121212121212,402.53146357188905,0.28853827368838164,-0.22261071530172227,673,965,772.8878787878788,3790.823256884959,0.5230724616746564,-0.16368840794352613,440,604,502.8272727272727,1239.614451505941,0.4367144687149889,-0.403772104929363,765.0,6090_3_0
249,264,256.469696969697,7.714884406373767,-0.1414547060993736,0.010770735402155118,218,252,239.27272727272728,27.64575849682232,-0.9085194523291867,1.4334229347095624,292,347,326.8727272727273,68.85305332964907,-0.8211040895783527,1.907026341294019,257,366,331.76363636363635,286.46675877314175,-1.5296161379980509,3.692929782327357,203,342,303.59090909090907,580.6801602652666,-1.5239047393331442,3.0965311661421655,410,542,447.6121212121212,230.92508059316566,1.9856287082431199,8.188399411743541,704,1255,791.8666666666667,5120.140222897669,3.953613005889863,19.488441752037094,462,793,515.4242424242424,1655.3149120383164,3.8737813284334734,19.78729150073988,766.0,6090_3_0
246,266,252.7969696969697,15.378106290872246,1.0076268089653622,1.0230955825505275,218,251,231.97878787878787,48.20319609468545,0.9878249856785232,0.366522744888651,276,395,323.7181818181818,175.99632495164408,0.8578086601263788,3.835812016765977,241,380,314.22727272727275,408.87524177949706,0.553887360597286,1.096133831085047,197,359,264.94545454545454,827.1094777562861,1.233313264264255,1.1129214071375815,409,595,464.6363636363636,628.0679745786128,1.1702771138967627,3.1526361016930213,711,1125,861.3666666666667,4658.877304964539,0.5745287551337264,0.9222635430271322,477,743,555.6121212121212,1700.2320714746247,0.6330405492016923,1.2419170774286652,767.0,6090_3_0
237,262,250.98181818181817,11.355291516993647,-0.18235698179326815,1.2088158401361104,204,244,228.1030303030303,43.58813668600902,-0.3125943025710146,0.67936725314908,242,366,317.57272727272726,403.6922630560928,-0.49546956085511534,1.5661546283074559,210,355,301.3363636363636,542.4366675877314,-0.7461208734780914,1.5568377650300844,180,308,245.38181818181818,516.5285437966289,-0.2805118076718767,0.27621314494147065,277,581,458.6090909090909,1939.8132909643548,-0.9334171059166537,2.610142614522921,531,1088,871.5969696969697,7299.365948236161,-0.7279565262520082,1.8377408064261793,341,701,560.6575757575757,2876.523726627982,-0.9863377390655902,2.786987785997585,768.0,6090_3_0
240,265,252.95151515151514,20.435332043842678,-0.36076708325022133,0.05963837819434081,203,267,232.57272727272726,137.46126001657916,-0.38174621668504094,-0.10662211396408905,237,426,333.42727272727274,1432.9870958828405,-0.46041331732598234,-0.32331367354243534,214,423,319.8666666666667,1979.3864235055728,-0.47080164476140335,-0.23194428793716737,164,362,258.6909090909091,1418.1594915722576,-0.36431721495003844,-0.1990381919447337,271,613,479.53636363636366,5863.957640232108,-0.7500787286890832,-0.1069893176602772,494,1136,895.0878787878788,19288.347876945747,-0.6939565728909108,-0.15643456039594472,301,743,576.3939393939394,8227.528230634614,-0.7938468072999585,-0.02664028849576905,769.0,6090_3_0
244,275,257.5151515151515,15.76420742378189,0.1943239351716398,2.414107517092148,211,267,242.63333333333333,67.72836879432623,-0.2276210151315683,1.0560458338383825,281,409,351.1909090909091,458.732439900525,-0.30678811546797385,0.23795606132533553,247,424,348.8060606060606,724.6309661969236,-0.2722586449072272,0.94311183725174,204,434,295.27272727272725,940.1320806852722,0.6579784884531641,2.060369876556929,362,642,510.630303030303,1778.6835774154922,-0.23066084343249074,0.009558599699597714,680,1246,938.9909090909091,8287.425449019065,-0.20815205216107688,-0.03696667379606078,441,779,608.8727272727273,3131.8013815971262,-0.2254990203310434,-0.06123793112717957,770.0,6090_3_0
249,265,256.5121212121212,10.439062356083634,0.29532405014055285,-0.3623698669316613,220,266,242.1787878787879,52.171585152436215,0.30855900028968275,0.5631527170750874,289,413,342.6575757575758,458.2744865064014,0.7161247430810259,0.2837430737292941,278,432,347.3969696969697,569.6747628258266,0.3590833184914824,0.8313410157655858,229,387,306.6636363636364,620.3029289859077,-0.20387504159550204,0.8799338925837601,397,606,485.9030303030303,1885.3097172331215,0.9050769533846041,0.33786271441005544,677,1133,862.9545454545455,9014.633185962972,0.8854589506715405,0.17803474736098135,452,729,561.4545454545455,3470.4736114948887,0.9357714293637968,0.14542014761744815,771.0,6090_3_0
243,260,252.22424242424242,11.347738786036658,-0.18485347509526665,-0.18218757583657696,216,252,231.36060606060607,48.3042184765589,0.20129008708044557,-0.31046075735656764,280,377,317.42727272727274,254.82904117159435,0.7849599862046593,0.9758999070805592,259,380,315.030303030303,571.5674679929999,0.32197886342727267,-0.21859923277407312,203,348,272.43333333333334,870.5928064842958,-0.01894229043384197,-0.7271624364251199,375,558,438.93333333333334,1115.3207700101316,0.5790071606809752,0.660116647769581,620,1027,791.8121212121212,5348.402284240582,0.035736103256799955,0.2939008120654507,413,649,518.7272727272727,1941.2627797734178,0.13163491607345565,0.26877474151994374,772.0,6090_3_0
244,261,253.24545454545455,7.985161646863774,-0.02973295482570845,0.3361004632609652,210,250,233.3969696969697,41.072939117619974,-0.42095487377869806,0.46484121057760497,258,365,320.0090909090909,217.53487151146723,-0.12689571709370331,1.331992198488284,232,370,315.5151515151515,491.7520493690707,-0.6544438025309484,0.8215440852927367,186,343,275.6272727272727,877.9974302293451,-0.366147997778747,-0.355069231316294,340,562,453.91818181818184,1158.0267200884223,0.2729438267610198,0.7574361801387441,673,1236,844.4969696969697,10085.00455005987,0.9483994815827116,1.0934343991761741,421,776,547.3,3208.727355623101,0.9609067666923227,1.3969527252145904,773.0,6090_3_0
246,264,255.63333333333333,8.29371833839919,-0.36797762911039317,0.5721808071770531,219,259,237.9030303030303,31.449534862300816,-0.5317419903677911,1.0612309284163013,278,357,320.95151515151514,98.1496177581284,-0.5423767740345162,2.3624738346555416,258,367,326.0212121212121,296.10593165699555,-0.8776561958594027,1.3286119654070436,215,363,300.2909090909091,681.2889748549322,-0.6131247309343303,0.2878410119367678,371,497,436.469696969697,358.3957354702036,0.019278897902067937,0.9539125379717293,635,950,771.5484848484848,3060.0538730772764,0.8017879358600389,0.6764060721771425,445,625,503.8818181818182,942.3902459242884,0.7684419393547429,0.9794800492942328,774.0,6090_3_0
247,268,256.0,11.264437689969604,0.35170737659420565,1.0062467799915478,220,259,238.57272727272726,44.81688311688311,-0.2683567992962039,0.4664043866546832,284,359,322.1363636363636,104.00870406189551,-0.27018011175659795,1.5663575355142223,263,383,330.8090909090909,440.57438518927876,-0.6746196243280829,0.6064783871462947,218,377,308.1333333333333,1057.3256332320163,-0.7129802895535093,0.019365017830337727,385,478,430.9727272727273,323.80168554849405,0.37185102884812704,-0.2559503596182693,660,990,753.0242424242424,3930.491811734365,0.8357295923956037,0.3631529367828312,435,606,491.3242424242424,1180.35959288938,0.7548113173461117,0.11996272515845563,775.0,6090_3_0
242,267,254.28181818181818,21.40665929814866,0.5821682418917669,-0.15947785485247268,218,256,233.29393939393938,74.58506954038869,0.35692012051118954,-0.6917669355804845,294,352,317.8848484848485,141.65843234779408,0.34262882352665036,-0.6354753665394162,259,364,311.1666666666667,586.8687943262411,0.11083511461237094,-0.9712434991854293,202,347,272.6818181818182,1290.3209450124345,0.05911597811429392,-1.1023432444829155,397,511,453.8939393939394,411.2744312425164,0.1323349662850392,-0.27859230510256827,685,1092,842.060606060606,8423.127014829142,0.7292955656541047,-0.3665833054090135,458,696,545.0484848484848,2856.0280372110155,0.7861199569352032,-0.2386938205477831,776.0,6090_3_0
251,268,259.6575757575758,9.915823892419636,-0.0439175316174307,-0.2513748270156748,225,256,243.8090909090909,28.57438518927881,-0.5231213477746958,0.24847740467713253,297,353,330.9757575757576,125.19697890761721,-0.547195498843106,0.08058283755821805,281,369,337.2939393939394,250.71272911485678,-0.7063321268174416,0.28089765835958236,230,347,309.25454545454545,421.60066316662056,-0.7716663008543098,0.41867989438828346,341,515,439.0,525.6231003039513,-0.8807488581506607,2.46706354875002,585,956,759.1515151515151,2541.94657824445,-0.10705515295338051,2.183018342739879,376,591,493.76666666666665,938.0456940222897,-0.5129936521347922,2.139778880528117,777.0,6090_3_0
247,266,256.6181818181818,11.805139541309751,-0.17718117525837587,-0.05387554852781573,222,256,237.8121212121212,40.3475729943815,0.008268104615409935,-0.04157068873062775,296,356,324.07878787878786,92.46793773602285,0.20762855809508082,0.53506054637328,279,368,323.2878787878788,290.2360228424058,-0.12865150160647035,-0.35816603360175536,218,345,288.2060606060606,663.9574099659206,-0.2938520149893549,-0.4092129496297554,405,505,447.40909090909093,327.7379110251451,0.60276348844029,0.3375685311969163,684,1058,799.8030303030303,4062.292392005159,1.188980100404655,1.509291499444834,455,661,517.7848484848485,1313.2939946578247,1.130986761240422,1.2873510287715169,778.0,6090_3_0
247,266,258.2181818181818,10.803315833103067,-0.9522662575829037,0.9871777668018229,216,254,240.62424242424242,40.52707009302753,-1.5239604900867447,2.5217234904902037,280,350,328.05757575757576,138.80214608086945,-1.718613425906963,3.7174407686639475,251,364,329.6787878787879,394.2065395597311,-1.7042302805945608,3.353320888598322,196,352,300.42424242424244,715.8437874182556,-1.6117516446445428,2.8968359453690766,376,527,447.6181818181818,386.17596021000276,-0.04110439081353613,2.2629457172994796,656,1085,793.4212121212121,4065.9709772497013,1.579648595094721,3.365334237810079,440,672,514.3484848484849,1332.6350280924748,1.3957148723444361,2.743770317718284,779.0,6090_3_0
247,265,256.4818181818182,15.399364465321913,0.1262808146251335,-0.7922504691728642,218,255,238.01818181818183,64.14556507322465,0.031326534346648276,-0.6547410368303721,288,360,326.44848484848484,163.6462742930828,0.12056424338245061,-0.23971044662255458,263,375,324.1333333333333,521.8484295845997,-0.08540238650724838,-0.7673413172719834,216,354,287.9939393939394,1067.0820300267108,-0.037180555765344285,-1.0426798957321213,356,503,455.43030303030304,416.5255227042461,-0.2600953374719678,1.1393319630600471,671,1002,826.1393939393939,4287.658321820024,0.3812389280630609,-0.3533630567542603,451,638,534.4424242424243,1372.5757023118724,0.3168900170799803,-0.3104516152704666,780.0,6090_3_0
241,264,252.57575757575756,16.846826931933315,-0.1670510787076325,0.08900317210729058,203,248,229.26666666666668,73.57608915906788,-0.3785131833948155,-0.30469597392821157,229,356,308.1121212121212,358.0937736022843,-0.6556407601010599,0.6531158469146563,208,357,296.2939393939394,907.1261029750391,-0.34114290240040485,-0.6313959251374777,166,324,252.76060606060605,1351.526102975039,-0.16407244446723987,-0.8839166616965977,270,516,440.1939393939394,1451.3422123975315,-1.5204406294543242,2.924407368232928,514,1134,848.1,10135.020364741642,0.06967236816802864,0.7586860671365314,347,699,544.5909090909091,3655.768306161923,-0.12752368845325873,0.9661974396253235,781.0,6090_3_0
238,264,252.56666666666666,22.653596757852075,-0.2812913754475674,-0.18429920816235246,201,250,230.01818181818183,118.2914617297596,-0.3777402230804948,-0.7020182367600216,235,340,307.46060606060604,425.47716680482637,-1.087232780233551,0.8111059722862066,209,360,300.53636363636366,1322.4986736667588,-0.4737163229300792,-0.8906303469812324,165,344,263.58181818181816,2386.541917656811,-0.2694132287827191,-1.3411293077458597,266,516,433.06666666666666,1066.8466058763931,-1.2752080297306434,4.641457311591393,533,1161,816.1848484848484,13485.00828037211,0.6261685401919103,-0.5401667982909815,345,715,525.4333333333333,4673.656636271529,0.47930688746935435,-0.5133385958245045,782.0,6090_3_0
248,268,257.6545454545454,12.846863774523348,-0.09824494493896188,-0.2949949989125846,217,258,240.25454545454545,46.61586073500966,-0.3334095297422188,0.386329675430765,288,349,323.54242424242426,108.79606705351385,-0.1975627006651433,0.10681374816825695,261,368,328.5939393939394,316.50330662245557,-0.5128175781769853,0.61453384289559,205,357,300.4030303030303,678.5999907893525,-0.6019660108174298,0.41161034464971724,394,497,429.0181818181818,193.78082343188726,1.0610342937870962,2.434416317921076,662,901,743.6727272727272,1757.8196186791931,1.3135433058521442,2.105614061715495,435,576,481.06969696969696,572.2656442847932,1.3051955303180218,2.1849184126997168,783.0,6090_3_0
242,265,257.2053872053872,14.616457366457368,-1.20471973438264,2.850506868085545,206,255,240.24242424242425,58.86670761670762,-1.6594491195841006,4.424785174158096,251,399,330.7070707070707,370.88349713349714,-1.3499504475884205,5.44960223223125,219,389,337.72727272727275,628.8882063882064,-1.8695535649690445,5.808328020032674,180,373,302.28619528619527,833.0090317590317,-1.4005561477110404,3.9820642668686688,288,572,440.24242424242425,1163.555896805897,-0.8085928534500889,5.828385040869309,511,969,753.4612794612794,3447.0331240331243,-0.2784368666185543,4.37375922955278,312,639,486.2390572390572,1401.7027937027938,-0.8206497303994107,5.6488869890338265,784.0,6090_3_0
